25
DRD1|Homo_sapiens|ENST00000393752.3          0.0000000 0.0999745 0.1090549 0.2226498 0.2332291 2.4127091 2.4540262 2.4510609 2.4862997 2.2721025 2.3653791 2.8644603 2.3860975 3.8394995 2.2388184 3.0240967 2.4482084 2.9225861 2.4352883 2.6019085 2.4626180 2.6536622 2.3950935 2.2811939 1.9744964 
DRD1|Mus_musculus|ENSMUST00000021932.6       0.0999745 0.0000000 0.0177221 0.2507458 0.2658570 2.2044524 2.2485598 2.2456406 2.3569217 2.2484687 2.4217908 2.7131478 2.4847340 3.9097694 2.3218772 2.8480111 2.6404448 2.7641055 2.4552966 2.5006238 2.4949597 2.4788025 2.4252059 2.2016340 2.0341788 
DRD1|Rattus_norvegicus|ENSRNOT00000030893.5  0.1090549 0.0177221 0.0000000 0.2437657 0.2579917 2.2168118 2.2613187 2.2583855 2.3775883 2.3122481 2.4244817 2.6712630 2.5312768 3.8927173 2.3373717 2.8053187 2.6420343 2.7385962 2.4736570 2.4893488 2.5137750 2.4547729 2.4283594 2.1812745 2.0049453 
DRD1|Gallus_gallus|ENSGALT00010029037.1      0.2226498 0.2507458 0.2437657 0.0000000 0.1575939 2.2959696 2.3210500 2.3181063 2.3270583 2.1330122 2.3728082 2.7966614 2.3698486 3.8058442 2.2787387 2.9671377 2.3949810 2.8038923 2.3318756 2.6383494 2.3701154 2.6894152 2.3652323 2.1447187 1.8819145 
DRD1|Xenopus_tropicalis|ENSXETT00000030438.3 0.2332291 0.2658570 0.2579917 0.1575939 0.0000000 2.2682100 2.3072272 2.3042815 2.2806734 2.1279655 2.2512321 2.8579383 2.4406953 3.9416727 2.2400215 3.0624982 2.2757668 2.7883177 2.4138938 2.6326590 2.4411007 2.6068452 2.3322541 2.3151424 1.9903139 
DRD2|Homo_sapiens|ENST00000362072.8          2.4127091 2.2044524 2.2168118 2.2959696 2.2682100 0.0000000 0.0447639 0.0422513 0.2434997 0.3029435 3.1790064 2.6774269 2.6565925 4.0038191 2.4876065 2.5645611 2.8612272 2.8160808 2.5328620 2.9706943 2.5455206 3.0073675 3.0558077 2.0475732 2.1567945 
DRD2|Mus_musculus|ENSMUST00000075764.8       2.4540262 2.2485598 2.2613187 2.3210500 2.3072272 0.0447639 0.0000000 0.0021915 0.2509004 0.3116421 3.0552313 2.6638226 2.6334266 4.0741459 2.4047335 2.5203503 2.7539104 2.7891151 2.4195302 2.9389097 2.4313039 3.0200308 2.9921739 2.0553856 2.1570327 
DRD2|Rattus_norvegicus|ENSRNOT00000045944.7  2.4510609 2.2456406 2.2583855 2.3181063 2.3042815 0.0422513 0.0021915 0.0000000 0.2509004 0.3116421 3.0460954 2.6571857 2.6334266 4.0670140 2.4047335 2.5150143 2.7448738 2.8157711 2.4010644 2.9360335 2.4127255 3.0171099 2.9581457 2.0474328 2.1481119 
DRD2|Gallus_gallus|ENSGALT00010060881.1      2.4862997 2.3569217 2.3775883 2.3270583 2.2806734 0.2434997 0.2509004 0.2509004 0.0000000 0.2658877 3.1542032 2.4297540 2.6867293 3.5348147 2.5693869 2.4382761 2.8419961 2.5129460 2.4909488 3.1013567 2.5044139 3.1611644 3.1247353 2.0196951 2.2710540 
DRD2|Xenopus_tropicalis|ENSXETT00000025512.5 2.2721025 2.2484687 2.3122481 2.1330122 2.1279655 0.3029435 0.3116421 0.3116421 0.2658877 0.0000000 2.8557627 2.4287265 2.5958992 3.4268069 2.3832266 2.2124507 2.6634983 2.3903904 2.4811208 2.8363164 2.4930757 2.9016336 3.2032457 1.8987041 2.1425662 
DopR1|Drosophila_melanogaster|NM_001316525.1 2.3653791 2.4217908 2.4244817 2.3728082 2.2512321 3.1790064 3.0552313 3.0460954 3.1542032 2.8557627 0.0000000 2.9359658 0.6430927 5.4583706 0.4743218 3.3987818 0.4461170 3.2776983 0.5667959 3.6035787 0.5909842 3.6795372 3.5523198 1.7095253 1.5656744 
DopR2|Drosophila_melanogaster|NM_001031909.2 2.8644603 2.7131478 2.6712630 2.7966614 2.8579383 2.6774269 2.6638226 2.6571857 2.4297540 2.4287265 2.9359658 0.0000000 2.6568976 1.5392691 2.7279996 0.5535683 3.0371398 0.5451046 2.8973528 3.3461503 2.8538576 3.5268096 3.4309171 2.3423491 3.0458613 
DopR1|Apis_mellifera|XM_026445263.1          2.3860975 2.4847340 2.5312768 2.3698486 2.4406953 2.6565925 2.6334266 2.6334266 2.6867293 2.5958992 0.6430927 2.6568976 0.0000000 4.8790023 0.6527053 2.8253445 0.7165011 2.6826302 0.6013346 3.1907583 0.5962283 3.1749208 3.0341770 1.3363463 1.3238525 
DopR2|Apis_mellifera|XM_006561507.3          3.8394995 3.9097694 3.8927173 3.8058442 3.9416727 4.0038191 4.0741459 4.0670140 3.5348147 3.4268069 5.4583706 1.5392691 4.8790023 0.0000000 4.4000622 1.1112937 5.0522179 1.4520154 4.7098374 4.7793058 4.9225680 4.8980512 4.5768349 4.0980919 4.4417483 
DopR1|Tribolium_castaneum|XM_015983151.2     2.2388184 2.3218772 2.3373717 2.2787387 2.2400215 2.4876065 2.4047335 2.4047335 2.5693869 2.3832266 0.4743218 2.7279996 0.6527053 4.4000622 0.0000000 2.8173371 0.5309652 2.6857336 0.4254049 2.9832036 0.4191425 2.9783396 2.9873480 1.3578449 1.2550233 
DopR2|Tribolium_castaneum|XM_015978814.2     3.0240967 2.8480111 2.8053187 2.9671377 3.0624982 2.5645611 2.5203503 2.5150143 2.4382761 2.2124507 3.3987818 0.5535683 2.8253445 1.1112937 2.8173371 0.0000000 3.2430066 0.5203707 2.8562516 3.3973797 2.8770193 3.5691223 3.5849457 2.5345940 3.0377775 
DopR1|Aedes_aegypti|NM_001358923.1           2.4482084 2.6404448 2.6420343 2.3949810 2.2757668 2.8612272 2.7539104 2.7448738 2.8419961 2.6634983 0.4461170 3.0371398 0.7165011 5.0522179 0.5309652 3.2430066 0.0000000 2.9612276 0.5928814 3.5027398 0.5835285 3.4982415 3.6764900 1.4622160 1.4244646 
DopR2|Aedes_aegypti|NM_001358925.1           2.9225861 2.7641055 2.7385962 2.8038923 2.7883177 2.8160808 2.7891151 2.8157711 2.5129460 2.3903904 3.2776983 0.5451046 2.6826302 1.4520154 2.6857336 0.5203707 2.9612276 0.0000000 2.7676678 3.6008236 2.7777954 3.6347066 3.8078688 2.2188462 2.9704828 
DopR1|Manduca_sexta|XM_030168745.2           2.4352883 2.4552966 2.4736570 2.3318756 2.4138938 2.5328620 2.4195302 2.4010644 2.4909488 2.4811208 0.5667959 2.8973528 0.6013346 4.7098374 0.4254049 2.8562516 0.5928814 2.7676678 0.0000000 3.2178514 0.0427666 3.2075303 3.1307529 1.3153477 1.2307985 
DopR2|Manduca_sexta|XM_037445812.1           2.6019085 2.5006238 2.4893488 2.6383494 2.6326590 2.9706943 2.9389097 2.9360335 3.1013567 2.8363164 3.6035787 3.3461503 3.1907583 4.7793058 2.9832036 3.3973797 3.5027398 3.6008236 3.2178514 0.0000000 3.2372622 0.0411898 1.5365788 2.8011176 3.2700945 
DopR1|Bombyx_mori|NM_001114987.1             2.4626180 2.4949597 2.5137750 2.3701154 2.4411007 2.5455206 2.4313039 2.4127255 2.5044139 2.4930757 0.5909842 2.8538576 0.5962283 4.9225680 0.4191425 2.8770193 0.5835285 2.7777954 0.0427666 3.2372622 0.0000000 3.2269111 3.1123395 1.3352991 1.2474349 
DopR2|Bombyx_mori|XM_062669252.1             2.6536622 2.4788025 2.4547729 2.6894152 2.6068452 3.0073675 3.0200308 3.0171099 3.1611644 2.9016336 3.6795372 3.5268096 3.1749208 4.8980512 2.9783396 3.5691223 3.4982415 3.6347066 3.2075303 0.0411898 3.2269111 0.0000000 1.5496946 2.8206953 3.4078602 
DopR_2|Aplysia_californica|XM_005099942.3    2.3950935 2.4252059 2.4283594 2.3652323 2.3322541 3.0558077 2.9921739 2.9581457 3.1247353 3.2032457 3.5523198 3.4309171 3.0341770 4.5768349 2.9873480 3.5849457 3.6764900 3.8078688 3.1307529 1.5365788 3.1123395 1.5496946 0.0000000 2.6943390 2.6408103 
DopR_3|Crassostrea_gigas|XM_011436579.4      2.2811939 2.2016340 2.1812745 2.1447187 2.3151424 2.0475732 2.0553856 2.0474328 2.0196951 1.8987041 1.7095253 2.3423491 1.3363463 4.0980919 1.3578449 2.5345940 1.4622160 2.2188462 1.3153477 2.8011176 1.3352991 2.8206953 2.6943390 0.0000000 1.2519848 
DopR_1|Octopus_bimaculoides|XM_014919809.2   1.9744964 2.0341788 2.0049453 1.8819145 1.9903139 2.1567945 2.1570327 2.1481119 2.2710540 2.1425662 1.5656744 3.0458613 1.3238525 4.4417483 1.2550233 3.0377775 1.4244646 2.9704828 1.2307985 3.2700945 1.2474349 3.4078602 2.6408103 1.2519848 0.0000000 
