38
Gr5a_dmelanogaster       0.0000000 7.3029560 6.0191349 6.4964030 6.4581152 6.5613742 6.1922504 6.7195426 6.3499790 6.2203616 6.2093775 6.1642879 6.0957873 6.3749969 5.9713812 5.8493452 7.5365873 5.9219407 6.5216626 6.4699628 7.2518173 6.4319025 5.5698676 6.8866840 6.2745277 6.2852437 6.8691597 7.5076020 5.6871895 8.9999988 6.4847770 8.1704313 8.1880636 8.1667284 6.3972037 7.7634637 8.9999981 7.0629006 
Gr64a_dmelanogaster      7.3029560 0.0000000 2.8884947 2.8661586 2.8372697 2.8812788 2.4850211 2.3673200 2.6505213 3.0786135 2.7598444 2.6540767 1.9206822 2.6505213 3.0047524 2.6591977 2.7316311 2.8331490 2.4668807 3.3275074 3.4013346 2.6913314 2.7255187 2.8279658 2.8986257 2.9704696 2.5534680 2.6837199 2.2432686 3.4050386 2.6622899 2.7312588 4.0073685 3.7962057 2.6508719 2.7100708 3.7727598 3.2764892 
Gr64b_dmelanogaster      6.0191349 2.8884947 0.0000000 2.4426527 2.6007740 2.9107112 2.8661323 3.0684564 2.8645669 2.8803388 2.7523327 2.6142984 2.9188629 2.8645669 2.7013585 2.9523916 2.9975149 2.5498055 2.8937668 3.4775081 3.8471319 2.6565375 2.5361824 2.8273016 3.3160841 2.4158233 2.9450811 2.8653005 2.4162905 3.4924998 3.1266552 3.0415566 4.2598881 3.9020381 3.1222477 3.4376833 4.1879257 3.7503256 
Gr64c_dmelanogaster      6.4964030 2.8661586 2.4426527 0.0000000 0.6838126 3.2133373 3.0488988 3.3357556 3.3584319 3.7312308 3.5013700 3.3406307 2.8710503 3.3584319 3.6484221 3.3897589 3.1914436 2.6103663 3.3941640 3.8932178 4.1827512 3.2277482 2.9639763 3.6875779 3.7425390 3.2770546 3.2722837 3.2355833 3.1688695 4.3527119 3.2422152 2.8208716 4.8622136 3.8952758 3.2357693 3.0994681 5.1809162 3.8716504 
Gr64d_dmelanogaster      6.4581152 2.8372697 2.6007740 0.6838126 0.0000000 3.2071180 3.1441723 3.3039899 3.3087328 3.4311590 3.3626293 3.4717627 2.7389846 3.3087328 3.4768164 3.2987924 3.4640496 2.5636481 3.3501863 3.9147231 3.9961542 2.8464591 3.0067482 3.3642415 3.4560283 3.2733269 3.2044820 3.3772412 2.9508651 3.8965248 3.3782994 2.8805061 4.9123345 3.8265768 3.3706751 2.8641694 5.1406423 4.5928336 
Gr64e_dmelanogaster      6.5613742 2.8812788 2.9107112 3.2133373 3.2071180 0.0000000 1.6090567 1.8518101 2.5436968 2.6829102 2.6172789 2.5410713 2.6138207 2.5436968 3.0009778 2.7540825 2.7233154 3.3452725 2.1945091 3.2581741 3.5298909 2.5140526 3.1147576 2.9737750 3.3690172 3.1586432 2.6358100 2.5487460 2.0592434 3.0970869 2.6696936 3.3947345 4.0675663 4.1701534 2.6644965 2.8421944 3.8363371 3.1994908 
Gr64f_dmelanogaster      6.1922504 2.4850211 2.8661323 3.0488988 3.1441723 1.6090567 0.0000000 1.7280738 2.2104592 2.5247032 2.3236729 2.7250562 2.3785031 2.2104592 2.9623231 2.6733360 2.8745805 2.8092241 1.9382941 2.8455790 2.8828238 2.4774726 2.6338889 2.5772944 2.9133526 2.7675748 2.0742375 2.7002657 1.8949054 2.7448619 2.9559130 3.3911920 3.9347330 3.4799404 2.9542695 2.6596838 3.8015421 3.1646532 
Gr_sweet_hit1_aaegypti   6.7195426 2.3673200 3.0684564 3.3357556 3.3039899 1.8518101 1.7280738 0.0000000 2.1401220 2.3918234 2.2184187 2.7796379 2.7128548 2.1401220 2.5233570 2.5562557 2.6517274 2.9968064 1.8291746 2.7350096 2.5275606 2.1568928 2.6488286 2.4696980 2.9871596 2.1900132 2.3084816 2.3778990 1.8216077 2.8184491 2.4815914 3.1813622 3.5314885 3.6052367 2.4783814 3.1116999 4.1260096 3.2651977 
Gr_sweet_hit1_amellifera 6.3499790 2.6505213 2.8645669 3.3584319 3.3087328 2.5436968 2.2104592 2.1401220 0.0000000 2.2987761 2.0553825 2.3514504 2.5701243 0.0000010 2.5116436 2.1234153 2.4051580 3.0067510 0.0000010 2.4383386 2.4228097 1.9480232 2.8071087 2.1082022 3.0435686 2.2343642 1.9250522 2.3351915 1.4922709 2.2170813 2.4058617 2.8729844 3.4075942 3.6861016 2.4026815 2.8867470 3.2373452 3.3851018 
Gr_sweet_hit1_bmori      6.2203616 3.0786135 2.8803388 3.7312308 3.4311590 2.6829102 2.5247032 2.3918234 2.2987761 0.0000000 0.6152751 2.6528447 2.9168939 2.2987761 1.6918187 1.4408198 2.6039502 3.0471767 2.2318547 2.5350965 2.4605710 2.3411777 3.0193713 2.4847846 3.1033542 1.6172890 2.5178941 2.8118591 0.0041456 2.3285034 2.5968194 2.8585305 3.1691896 3.5886068 2.5934144 3.2557773 3.4430231 2.8871629 
Gr_sweet_hit1_msexta     6.2093775 2.7598444 2.7523327 3.5013700 3.3626293 2.6172789 2.3236729 2.2184187 2.0553825 0.6152751 0.0000000 2.3287523 2.7053471 2.0553825 1.4852141 1.1393298 2.4792282 2.8864822 2.0043190 2.2559774 2.2760002 2.4577091 2.7893577 2.4132212 2.8615087 1.2646452 2.2796169 2.6026421 0.4394551 2.1668372 2.5612907 2.8832120 3.2065343 3.3060861 2.5578788 3.0171307 3.1020158 2.8797786 
Gr_sweet_hit1_tcastaneum 6.1642879 2.6540767 2.6142984 3.3406307 3.4717627 2.5410713 2.7250562 2.7796379 2.3514504 2.6528447 2.3287523 0.0000000 2.5432738 2.3514504 2.6342189 2.4332297 2.0055940 3.0815856 2.0494319 2.7759537 2.8313809 1.8816320 3.1081574 2.7111837 3.2712226 2.5344632 2.0676861 2.5610111 1.6330733 2.9451364 2.1862651 3.4092371 3.6822147 3.3442611 2.1854921 2.9500291 3.7927251 2.5923130 
Gr_sweet_hit2_aaegypti   6.0957873 1.9206822 2.9188629 2.8710503 2.7389846 2.6138207 2.3785031 2.7128548 2.5701243 2.9168939 2.7053471 2.5432738 0.0000000 2.5841350 2.7477399 2.6504088 2.8318312 2.3807067 2.5429405 3.4472402 3.3666491 2.7122699 2.4848911 2.7924655 3.2266990 2.9415208 2.7082233 2.5334288 2.0827923 3.4479216 3.0937500 2.8808605 4.3540412 3.3426589 3.0922465 2.1105177 4.4285880 3.2987864 
Gr_sweet_hit2_amellifera 6.3749969 2.6505213 2.8645669 3.3584319 3.3087328 2.5436968 2.2104592 2.1401220 0.0000010 2.2987761 2.0553825 2.3514504 2.5841350 0.0000000 2.5116436 2.1234153 2.4051580 3.0067510 0.0000010 2.4383386 2.4228097 1.9480232 2.8071087 2.1082022 3.1464796 2.2343642 1.9250522 2.3351915 1.4922709 2.2219598 2.4233959 2.8729844 3.4075942 3.7072594 2.4202544 2.8867470 3.2373452 3.3851018 
Gr_sweet_hit2_bmori      5.9713812 3.0047524 2.7013585 3.6484221 3.4768164 3.0009778 2.9623231 2.5233570 2.5116436 1.6918187 1.4852141 2.6342189 2.7477399 2.5116436 0.0000000 1.4388077 2.6633389 3.1488144 2.2227641 2.4661936 2.5786222 2.5554566 3.1990392 2.6702060 3.0341896 0.9353251 2.5466765 2.6205088 0.9637034 2.4959208 2.4178910 3.0469472 3.1531833 3.6652162 2.4103880 3.0465300 3.2517618 3.2095292 
Gr_sweet_hit2_msexta     5.8493452 2.6591977 2.9523916 3.3897589 3.2987924 2.7540825 2.6733360 2.5562557 2.1234153 1.4408198 1.1393298 2.4332297 2.6504088 2.1234153 1.4388077 0.0000000 2.4202398 2.7121375 2.0280976 2.3864895 2.6329499 2.1312176 2.7939344 2.4404154 2.8915679 1.4007702 2.4213483 2.3048425 1.1432720 2.4565461 2.2353472 2.8498607 2.9401261 3.5982435 2.2322592 2.9494461 3.0926492 3.0099163 
Gr_sweet_hit2_tcastaneum 7.5365873 2.7316311 2.9975149 3.1914436 3.4640496 2.7233154 2.8745805 2.6517274 2.4051580 2.6039502 2.4792282 2.0055940 2.8318312 2.4051580 2.6633389 2.4202398 0.0000000 3.6881772 2.1297803 2.7683979 3.1015707 2.1571180 3.2289960 2.9430558 3.0409680 2.2827917 2.1936751 2.7868500 1.9775812 3.2958185 2.3378107 3.1222206 4.0692955 3.7038676 2.3274833 3.1367237 3.6806976 2.8217739 
Gr_sweet_hit3_aaegypti   5.9219407 2.8331490 2.5498055 2.6103663 2.5636481 3.3452725 2.8092241 2.9968064 3.0067510 3.0471767 2.8864822 3.0815856 2.3807067 3.0067510 3.1488144 2.7121375 3.6881772 0.0000000 2.9628600 3.5723703 4.0661475 2.7641136 1.8730020 3.1715199 3.7379620 2.5935359 3.4406977 2.9928662 2.1880297 3.7995123 3.2495233 2.0219159 4.2077736 4.0505353 3.2403074 2.8060606 4.9710060 3.9508731 
Gr_sweet_hit3_amellifera 6.5216626 2.4668807 2.8937668 3.3941640 3.3501863 2.1945091 1.9382941 1.8291746 0.0000010 2.2318547 2.0043190 2.0494319 2.5429405 0.0000010 2.2227641 2.0280976 2.1297803 2.9628600 0.0000000 2.4351671 2.4449887 1.8894340 2.6306614 1.8719441 3.1821067 2.2343642 1.9237837 2.1436636 1.4922709 2.0729637 2.3157903 2.6465216 3.4512656 3.7072594 2.3126428 2.7196531 3.2985101 3.3030267 
Gr_sweet_hit3_bmori      6.4699628 3.3275074 3.4775081 3.8932178 3.9147231 3.2581741 2.8455790 2.7350096 2.4383386 2.5350965 2.2559774 2.7759537 3.4472402 2.4383386 2.4661936 2.3864895 2.7683979 3.5723703 2.4351671 0.0000000 1.3411745 2.9776110 3.2209509 2.6845792 3.4123580 2.6620663 3.1287861 2.8848332 1.8482691 2.2014212 2.7109046 3.2649199 2.6909569 3.9310946 2.7068475 3.2494515 3.0220805 3.4341627 
Gr_sweet_hit3_msexta     7.2518173 3.4013346 3.8471319 4.1827512 3.9961542 3.5298909 2.8828238 2.5275606 2.4228097 2.4605710 2.2760002 2.8313809 3.3666491 2.4228097 2.5786222 2.6329499 3.1015707 4.0661475 2.4449887 1.3411745 0.0000000 2.9727633 3.2933266 2.8834827 3.2469614 2.5599932 2.7248981 3.4581633 1.7767128 2.1151895 2.8815644 3.3096781 3.1777665 3.8388603 2.8773660 3.6635776 3.3129273 3.1479592 
Gr_sweet_hit3_tcastaneum 6.4319025 2.6913314 2.6565375 3.2277482 2.8464591 2.5140526 2.4774726 2.1568928 1.9480232 2.3411777 2.4577091 1.8816320 2.7122699 1.9480232 2.5554566 2.1312176 2.1571180 2.7641136 1.8894340 2.9776110 2.9727633 0.0000000 2.6154483 2.5710601 2.9984917 2.3704552 2.0653311 2.3512489 1.6605103 3.0948184 2.2891011 2.8521256 3.8941006 3.4032418 2.2821567 2.8660417 3.9536116 3.2296778 
Gr_sweet_hit4_aaegypti   5.5698676 2.7255187 2.5361824 2.9639763 3.0067482 3.1147576 2.6338889 2.6488286 2.8071087 3.0193713 2.7893577 3.1081574 2.4848911 2.8071087 3.1990392 2.7939344 3.2289960 1.8730020 2.6306614 3.2209509 3.2933266 2.6154483 0.0000000 2.8575994 3.6542062 2.6587824 3.0798408 2.9700352 2.3989248 3.8031388 3.2075031 2.1390255 3.7062541 3.6466608 3.2032946 2.8693587 4.0859751 3.5305155 
Gr_sweet_hit4_amellifera 6.8866840 2.8279658 2.8273016 3.6875779 3.3642415 2.9737750 2.5772944 2.4696980 2.1082022 2.4847846 2.4132212 2.7111837 2.7924655 2.1082022 2.6702060 2.4404154 2.9430558 3.1715199 1.8719441 2.6845792 2.8834827 2.5710601 2.8575994 0.0000000 2.3586839 2.4590301 2.4004180 2.6028808 1.6910510 3.0711626 2.4660853 3.1803459 3.4301963 2.7451786 2.5027187 2.6652374 3.4377415 3.3101480 
Gr_sweet_hit4_bmori      6.2745277 2.8986257 3.3160841 3.7425390 3.4560283 3.3690172 2.9133526 2.9871596 3.0435686 3.1033542 2.8615087 3.2712226 3.2266990 3.1464796 3.0341896 2.8915679 3.0409680 3.7379620 3.1821067 3.4123580 3.2469614 2.9984917 3.6542062 2.3586839 0.0000000 3.2768467 2.8859222 3.2685167 2.2686495 3.2259883 3.3365994 3.7358049 4.5587669 1.3528909 3.4329445 3.5066959 4.1406170 4.2875447 
Gr_sweet_hit4_msexta     6.2852437 2.9704696 2.4158233 3.2770546 3.2733269 3.1586432 2.7675748 2.1900132 2.2343642 1.6172890 1.2646452 2.5344632 2.9415208 2.2343642 0.9353251 1.4007702 2.2827917 2.5935359 2.2343642 2.6620663 2.5599932 2.3704552 2.6587824 2.4590301 3.2768467 0.0000000 2.5952892 2.5333882 1.1564709 3.1449361 2.4794964 2.7603452 2.9844092 3.7784701 2.4696434 3.2513887 3.1907819 2.8724296 
Gr_sweet_hit4_tcastaneum 6.8691597 2.5534680 2.9450811 3.2722837 3.2044820 2.6358100 2.0742375 2.3084816 1.9250522 2.5178941 2.2796169 2.0676861 2.7082233 1.9250522 2.5466765 2.4213483 2.1936751 3.4406977 1.9237837 3.1287861 2.7248981 2.0653311 3.0798408 2.4004180 2.8859222 2.5952892 0.0000000 2.8392261 2.1325353 2.6860136 2.1702601 3.3384871 3.4393943 3.2338296 2.1645704 2.9397919 3.8049486 2.7977478 
Gr_sweet_hit5_aaegypti   7.5076020 2.6837199 2.8653005 3.2355833 3.3772412 2.5487460 2.7002657 2.3778990 2.3351915 2.8118591 2.6026421 2.5610111 2.5334288 2.3351915 2.6205088 2.3048425 2.7868500 2.9928662 2.1436636 2.8848332 3.4581633 2.3512489 2.9700352 2.6028808 3.2685167 2.5333882 2.8392261 0.0000000 2.0518393 2.9993012 2.5980140 3.0791961 3.4605545 4.1869296 2.6013306 2.9979513 3.7510585 3.7405178 
Gr_sweet_hit5_bmori      5.6871895 2.2432686 2.4162905 3.1688695 2.9508651 2.0592434 1.8949054 1.8216077 1.4922709 0.0041456 0.4394551 1.6330733 2.0827923 1.4922709 0.9637034 1.1432720 1.9775812 2.1880297 1.4922709 1.8482691 1.7767128 1.6605103 2.3989248 1.6910510 2.2686495 1.1564709 2.1325353 2.0518393 0.0000000 1.9398869 1.9255366 2.4255182 1.9409620 2.2029979 1.9255366 2.5587273 2.1927064 2.1510233 
Gr_sweet_hit5_msexta     8.9999988 3.4050386 3.4924998 4.3527119 3.8965248 3.0970869 2.7448619 2.8184491 2.2170813 2.3285034 2.1668372 2.9451364 3.4479216 2.2219598 2.4959208 2.4565461 3.2958185 3.7995123 2.0729637 2.2014212 2.1151895 3.0948184 3.8031388 3.0711626 3.2259883 3.1449361 2.6860136 2.9993012 1.9398869 0.0000000 3.3333237 4.0197543 3.1666363 4.4128379 3.3284590 3.2503127 2.5592142 4.1915508 
Gr_sweet_hit5_tcastaneum 6.4847770 2.6622899 3.1266552 3.2422152 3.3782994 2.6696936 2.9559130 2.4815914 2.4058617 2.5968194 2.5612907 2.1862651 3.0937500 2.4233959 2.4178910 2.2353472 2.3378107 3.2495233 2.3157903 2.7109046 2.8815644 2.2891011 3.2075031 2.4660853 3.3365994 2.4794964 2.1702601 2.5980140 1.9255366 3.3333237 0.0000000 3.0401905 3.2816818 3.5167812 0.0023040 2.8518473 3.7612386 2.8185149 
Gr_sweet_hit6_aaegypti   8.1704313 2.7312588 3.0415566 2.8208716 2.8805061 3.3947345 3.3911920 3.1813622 2.8729844 2.8585305 2.8832120 3.4092371 2.8808605 2.8729844 3.0469472 2.8498607 3.1222206 2.0219159 2.6465216 3.2649199 3.3096781 2.8521256 2.1390255 3.1803459 3.7358049 2.7603452 3.3384871 3.0791961 2.4255182 4.0197543 3.0401905 0.0000000 4.0093905 4.5800121 3.0363335 2.9910105 4.3965182 3.4835468 
Gr_sweet_hit6_bmori      8.1880636 4.0073685 4.2598881 4.8622136 4.9123345 4.0675663 3.9347330 3.5314885 3.4075942 3.1691896 3.2065343 3.6822147 4.3540412 3.4075942 3.1531833 2.9401261 4.0692955 4.2077736 3.4512656 2.6909569 3.1777665 3.8941006 3.7062541 3.4301963 4.5587669 2.9844092 3.4393943 3.4605545 1.9409620 3.1666363 3.2816818 4.0093905 0.0000000 5.6507957 3.2748339 4.0891635 1.8160896 3.9053693 
Gr_sweet_hit6_msexta     8.1667284 3.7962057 3.9020381 3.8952758 3.8265768 4.1701534 3.4799404 3.6052367 3.6861016 3.5886068 3.3060861 3.3442611 3.3426589 3.7072594 3.6652162 3.5982435 3.7038676 4.0505353 3.7072594 3.9310946 3.8388603 3.4032418 3.6466608 2.7451786 1.3528909 3.7784701 3.2338296 4.1869296 2.2029979 4.4128379 3.5167812 4.5800121 5.6507957 0.0000000 3.5929728 4.1292829 5.2282881 4.6255906 
Gr_sweet_hit6_tcastaneum 6.3972037 2.6508719 3.1222477 3.2357693 3.3706751 2.6644965 2.9542695 2.4783814 2.4026815 2.5934144 2.5578788 2.1854921 3.0922465 2.4202544 2.4103880 2.2322592 2.3274833 3.2403074 2.3126428 2.7068475 2.8773660 2.2821567 3.2032946 2.5027187 3.4329445 2.4696434 2.1645704 2.6013306 1.9255366 3.3284590 0.0023040 3.0363335 3.2748339 3.5929728 0.0000000 2.8435923 3.7648284 2.8171546 
Gr_sweet_hit7_aaegypti   7.7634637 2.7100708 3.4376833 3.0994681 2.8641694 2.8421944 2.6596838 3.1116999 2.8867470 3.2557773 3.0171307 2.9500291 2.1105177 2.8867470 3.0465300 2.9494461 3.1367237 2.8060606 2.7196531 3.2494515 3.6635776 2.8660417 2.8693587 2.6652374 3.5066959 3.2513887 2.9397919 2.9979513 2.5587273 3.2503127 2.8518473 2.9910105 4.0891635 4.1292829 2.8435923 0.0000000 4.2210912 3.5205787 
Gr_sweet_hit7_msexta     8.9999981 3.7727598 4.1879257 5.1809162 5.1406423 3.8363371 3.8015421 4.1260096 3.2373452 3.4430231 3.1020158 3.7927251 4.4285880 3.2373452 3.2517618 3.0926492 3.6806976 4.9710060 3.2985101 3.0220805 3.3129273 3.9536116 4.0859751 3.4377415 4.1406170 3.1907819 3.8049486 3.7510585 2.1927064 2.5592142 3.7612386 4.3965182 1.8160896 5.2282881 3.7648284 4.2210912 0.0000000 4.0067055 
Gr_sweet_hit7_tcastaneum 7.0629006 3.2764892 3.7503256 3.8716504 4.5928336 3.1994908 3.1646532 3.2651977 3.3851018 2.8871629 2.8797786 2.5923130 3.2987864 3.3851018 3.2095292 3.0099163 2.8217739 3.9508731 3.3030267 3.4341627 3.1479592 3.2296778 3.5305155 3.3101480 4.2875447 2.8724296 2.7977478 3.7405178 2.1510233 4.1915508 2.8185149 3.4835468 3.9053693 4.6255906 2.8171546 3.5205787 4.0067055 0.0000000 
