62
XM_015923228.1__MollCnid_DopR_1_candidate__Acropora_digitifera    0.0000000 4.6945426 4.1879494 5.7205936 4.1901251 8.9999986 8.4999751 4.5755883 4.1857439 4.6003820 6.7791125 3.6279284 4.6768732 4.6766167 4.6055108 8.9999985 8.9999985 4.5328191 7.5691311 3.8732376 3.8888828 8.0201431 5.3739474 8.9999986 3.9929432 3.8395342 3.9929432 3.8395342 4.1825252 4.3808911 3.9587485 4.9764657 3.8679782 4.5205985 4.4801318 3.9895741 5.5869015 6.6600922 6.2711082 3.6745691 3.3262799 4.0037274 3.7389904 3.7389904 7.8664029 4.9930239 3.8718658 8.9798644 4.3331271 3.9715687 3.9715687 4.9550917 7.3018519 7.3018519 4.0037274 3.7389904 7.4153560 3.7389904 6.1142977 8.0908839 3.8803421 3.7228800 
XM_015919817.1__MollCnid_DopR_2_candidate__Acropora_digitifera    4.6945426 0.0000000 3.8292597 4.4780827 2.7969533 8.9999988 8.9999980 4.2098956 4.1586982 3.8173595 7.1595452 3.1006755 3.2963059 3.3399055 4.0473541 8.9999987 7.6936997 3.3609883 5.9918784 3.3820503 3.2824163 6.9202860 4.6866016 8.9999987 3.1173597 3.1716946 3.1173597 3.1716946 2.8934738 3.6588076 3.1521146 3.1511953 4.3089398 3.2118990 3.3806758 3.2056836 5.5551729 6.9257990 5.2970963 3.4255291 3.5997830 3.2390053 3.0972086 3.0972086 8.1358758 3.1542789 4.3028124 7.7917169 3.8892941 3.2762691 3.2762691 3.5757378 6.9802392 6.9802392 3.2391365 3.0972086 7.8577155 3.0972086 6.9761176 6.8091361 3.3230872 3.1653332 
XM_015918009.1__MollCnid_DopR_3_candidate__Acropora_digitifera    4.1879494 3.8292597 0.0000000 3.7242621 2.7348676 8.6076492 6.6420781 3.1690243 3.2166783 2.7916794 7.5672396 2.4250122 3.1998676 2.4617349 3.7705214 6.8650320 8.7698682 2.7281910 5.6899111 2.4035570 2.3461967 4.6787736 4.4087437 7.3654085 2.3571947 2.4784503 2.3571947 2.4784503 2.5253424 2.4509401 2.4504927 3.1982800 3.0373557 2.8390599 2.8875608 3.0858236 4.0433138 6.5828048 3.9609564 3.2921431 2.9037332 2.3655139 2.4738478 2.4738478 7.7833312 3.2530091 3.1419597 7.5604739 2.5462011 2.3637925 2.3637925 2.8380887 6.6433373 6.6433373 2.3518395 2.4656948 6.9509425 2.4656948 5.7540988 6.1067929 2.4071442 2.4109580 
XM_013085243.2__MollCnid_DopR_1_candidate__Aplysia_californica    5.7205936 4.4780827 3.7242621 0.0000000 4.7596039 8.9999988 7.2512721 6.0530069 5.5945228 4.0116279 7.3536770 4.4765253 5.0301950 6.0456571 6.0798060 8.9999987 8.1733733 4.4753748 5.8280891 4.5506357 4.8713812 7.1633023 5.4581556 8.9972781 4.4377694 4.2653310 4.4377694 4.2653310 4.6991971 4.3641809 4.8311450 5.4369795 4.1100140 5.9651241 4.5107986 5.0583398 4.5017654 8.5130579 5.2265729 4.6265332 4.7554850 4.8088242 4.2627520 4.2627520 8.2859544 5.4886688 4.4007446 8.9999983 4.1561416 4.6252409 4.6252409 3.9713738 8.1579938 8.1579938 4.7752473 4.2627520 8.9999986 4.2627520 7.9096405 5.8589574 4.5621736 4.3730927 
XM_005099942.3__MollCnid_DopR_2_candidate__Aplysia_californica    4.1901251 2.7969533 2.7348676 4.7596039 0.0000000 7.8694221 6.6803170 3.3037079 2.8694470 2.3299309 6.4552313 2.5434989 2.5910344 2.8405251 4.1404150 8.1529461 8.6957958 2.5494324 5.7826566 2.1882850 2.4682495 6.0915417 4.1921751 7.6534391 2.1446205 2.4743073 2.1446205 2.4743073 2.5740037 3.0123859 2.2313139 2.6306677 3.0725355 2.3707473 2.3261548 2.4774092 4.2471454 6.8876533 4.0401814 3.2257356 3.1729634 2.2232671 2.4950432 2.4950432 7.2202381 2.6172607 3.1190322 7.8058219 3.2683150 2.7765066 2.7765066 2.3797682 5.8156749 5.8156749 2.2236498 2.4696840 6.8279278 2.4696840 6.3158711 6.1288929 2.1855600 2.4586229 
NP_001191623.1__5HT1Ap_Acal__Aplysia_californica                  8.9999986 8.9999988 8.6076492 8.9999988 7.8694221 0.0000000 8.0605997 7.4490578 8.5171679 8.5096654 8.9999983 7.0796991 7.2483668 7.6410085 8.7611740 7.3339002 8.9889632 8.4904588 8.9999989 8.5072549 6.8554379 8.2538684 8.9999988 8.1326990 7.5493445 6.6303918 7.5493445 6.6303918 7.8726301 7.5014270 7.6757843 6.8438878 7.2515126 7.7229897 7.8967637 7.5547613 7.9257293 8.6390269 8.9999985 8.9999989 8.9999988 7.6784192 6.5219914 6.5219914 8.2380471 6.9637268 7.5099476 8.9999987 7.3127740 8.9999988 8.9999988 6.9939875 8.9999989 8.9999989 7.8281610 6.5219914 8.4559194 6.5219914 8.9999989 8.2808072 8.2284002 6.7345251 
NP_001191560.1__5HT2_Acal__Aplysia_californica                    8.4999751 8.9999980 6.6420781 7.2512721 6.6803170 8.0605997 0.0000000 7.1237582 8.1862147 7.2413142 7.8586109 5.9026449 7.9011264 7.5291404 8.3470550 8.9999981 8.5867628 7.1629138 8.9999988 6.3569846 5.2239556 7.5072652 8.2765860 8.8346819 6.3516512 5.2903901 6.3516512 5.2903901 6.3369122 6.9564307 7.4215091 7.2451216 7.4747114 7.1194335 7.8809102 7.3500502 8.0272012 8.4826626 8.9999980 7.0196436 7.1248819 6.2491869 5.6154901 5.6154901 8.6419983 7.7353998 7.5736929 8.9999983 6.7522500 7.6180796 7.6180796 7.4456604 8.9999987 8.9999987 6.2517645 5.6048975 8.9999988 5.6048975 6.8367874 8.9999985 6.4372129 5.2703855 
XM_011432553.4__MollCnid_DopR_1_candidate__Crassostrea_gigas      4.5755883 4.2098956 3.1690243 6.0530069 3.3037079 7.4490578 7.1237582 0.0000000 2.7602660 2.7312879 7.8231262 2.7421059 3.2289772 4.3007416 3.6566350 8.8964815 8.5464150 2.9605405 6.2678660 2.8121676 2.7613496 5.8516523 4.4977491 8.9999986 2.7699239 2.7893708 2.7699239 2.7893708 2.8061476 3.2023830 2.6743302 3.5493497 2.0029473 3.3479037 3.5685123 3.7566957 4.9301561 6.8279010 4.5559553 4.2357796 3.8971500 2.8954082 2.7654746 2.7654746 7.1256727 3.3609738 1.9793064 7.3134657 3.5946797 3.2535766 3.2535766 2.9040420 6.8806147 6.8806147 2.9102584 2.7654746 8.0620432 2.7654746 7.5499683 5.8199433 2.8139844 2.6846258 
XM_011432554.4__MollCnid_DopR_2_candidate__Crassostrea_gigas      4.1857439 4.1586982 3.2166783 5.5945228 2.8694470 8.5171679 8.1862147 2.7602660 0.0000000 2.6812597 7.3576968 2.5710464 2.9788198 3.1935908 2.4455754 8.9999988 7.9217067 3.3493813 6.7262242 2.6809536 2.3134787 5.5530322 4.0002640 8.9999982 2.7143073 2.4706408 2.7143073 2.4706408 2.4684490 3.3830569 2.8860743 3.0836319 2.2362231 3.0765785 3.2056885 3.7779820 4.6376029 7.2866950 4.5923610 3.9777165 3.0352088 2.7117598 2.4327839 2.4327839 7.8559381 2.8983475 2.2852482 8.3834977 3.6606886 2.9850035 2.9850035 2.9358755 6.0520122 6.0520122 2.7181979 2.4222673 8.1759855 2.4222673 6.8353691 7.9442549 2.6763039 2.2711351 
XM_011436579.4__MollCnid_DopR_3_candidate__Crassostrea_gigas      4.6003820 3.8173595 2.7916794 4.0116279 2.3299309 8.5096654 7.2413142 2.7312879 2.6812597 0.0000000 7.4994687 1.7230948 2.1596250 2.3331333 2.8025322 8.9999988 8.1521253 2.3388107 6.1201893 1.7822537 1.8661586 5.8369992 4.0519713 7.7924042 1.9305599 1.9369803 1.9305599 1.9369803 2.1494656 2.5588073 2.1283235 2.1070017 3.2644543 2.2709429 2.4564829 2.6745064 4.7049421 6.9894534 4.0449741 2.9953918 3.3879109 1.9321826 1.9454598 1.9454598 7.3676709 2.1089871 3.2895597 7.2135083 3.0459887 2.8046041 2.8046041 1.1699929 6.5472218 6.5472218 1.9330059 1.9470275 7.9083446 1.9470275 5.6166981 6.4961468 1.8745995 1.7339704 
NP_878305.1__DRD1__Danio_rerio                                    6.7791125 7.1595452 7.5672396 7.3536770 6.4552313 8.9999983 7.8586109 7.8231262 7.3576968 7.4994687 0.0000000 6.9889124 8.6347943 8.5375043 8.9999985 8.1191734 7.9537077 7.7493016 7.4662184 6.6326176 7.2107030 8.9999984 8.4772977 7.0419477 6.3794641 7.0239558 6.3794641 7.0239558 7.0946026 7.5308990 7.5410227 8.9999989 8.0170071 7.8266708 6.8987174 7.2334752 8.9999987 7.2745528 8.9999987 8.9999987 8.6721107 6.5473460 7.0912336 7.0912336 7.6105987 8.5706405 8.0306259 8.5607311 8.4902822 8.9999983 8.9999983 7.2064847 8.9999985 8.9999985 6.6469758 7.0563336 8.9999985 7.0563336 8.1362206 8.9999988 6.9289439 7.3049470 
NP_898891.1__DRD2A__Danio_rerio                                   3.6279284 3.1006755 2.4250122 4.4765253 2.5434989 7.0796991 5.9026449 2.7421059 2.5710464 1.7230948 6.9889124 0.0000000 2.6513851 3.2000032 3.1905437 7.1719875 8.9999989 2.5200395 6.1922107 2.0438891 0.5183706 3.8470851 3.6525013 8.9999985 2.0473177 0.5263223 2.0473177 0.5263223 1.0122250 2.2174752 2.0752722 2.8453471 2.5301405 2.5840634 2.2918954 2.7063350 3.9941980 6.3783578 3.4209963 3.3500512 3.2875611 1.9851520 0.5237215 0.5237215 8.2909800 2.9273880 2.5566633 6.6390673 2.7202157 2.8876922 2.8876922 2.0382795 6.0272929 6.0272929 1.9712903 0.5237215 6.9785769 0.5237215 5.8507865 4.9793609 2.0548556 0.4920761 
NP_001139238.1__HTR2A__Danio_rerio                                4.6768732 3.2963059 3.1998676 5.0301950 2.5910344 7.2483668 7.9011264 3.2289772 2.9788198 2.1596250 8.6347943 2.6513851 0.0000000 1.9329490 3.1149898 7.8850904 7.9310197 2.8800388 6.2676938 1.9295350 2.6320511 5.8289940 3.6105645 7.9764550 1.9706957 2.6098827 1.9706957 2.6098827 2.6322758 3.0289604 2.2996436 0.5217137 2.9224997 1.5923326 2.5774723 2.8777267 4.4846339 6.5935389 4.1066427 3.3989346 2.7868422 1.9475653 2.6080817 2.6080817 7.1541092 0.5617504 3.0105744 7.6778533 3.1242045 3.3780172 3.3780172 2.2030026 6.8371338 6.8371338 1.9459284 2.5962052 6.1742998 2.5962052 6.0031127 6.2824118 1.9389389 2.4294610 
NP_001356890.1__5HT1A_Dmel__Drosophila_melanogaster               4.6766167 3.3399055 2.4617349 6.0456571 2.8405251 7.6410085 7.5291404 4.3007416 3.1935908 2.3331333 8.5375043 3.2000032 1.9329490 0.0000000 4.5838495 8.7824376 8.7667088 3.2581185 6.6415192 1.9444104 2.9433751 5.7123560 4.2299208 8.4160399 2.0748258 2.9213734 2.0748258 2.9213734 2.6867576 2.9614058 2.3209320 2.2979279 3.0562207 2.0085752 2.4933237 3.5392153 4.6897856 6.8395907 3.9609544 3.3320339 3.4964301 2.0855832 2.9208958 2.9208958 8.9999989 2.3264803 3.1437237 7.6669431 2.8560065 3.1382593 3.1382593 2.4007617 7.2415535 7.2415535 2.0611840 2.9128243 7.3183111 2.9128243 6.8634661 6.5648820 2.1077495 2.9005439 
NP_730859.1__5HT2A_Dmel__Drosophila_melanogaster                  4.6055108 4.0473541 3.7705214 6.0798060 4.1404150 8.7611740 8.3470550 3.6566350 2.4455754 2.8025322 8.9999985 3.1905437 3.1149898 4.5838495 0.0000000 8.9999982 8.9999982 3.7164998 7.6596461 3.0387917 3.1189538 6.4535602 4.2972717 8.6426472 2.9678827 3.1954119 2.9678827 3.1954119 3.1967946 3.2504222 3.2903983 3.1572228 2.9064468 3.2329689 3.3849784 4.1507309 4.4513291 8.9522282 4.8915095 4.4021520 3.5136406 3.1150333 3.1905452 3.1905452 8.6821762 3.0690979 2.9278297 8.9999986 3.9703933 3.6458930 3.6458930 2.9980363 6.7237979 6.7237979 3.1491175 3.1818215 8.9999985 3.1818215 7.4006665 7.2239210 2.9265914 3.0562692 
NP_732089.1__5HT7_Dmel__Drosophila_melanogaster                   8.9999985 8.9999987 6.8650320 8.9999987 8.1529461 7.3339002 8.9999981 8.8964815 8.9999988 8.9999988 8.1191734 7.1719875 7.8850904 8.7824376 8.9999982 0.0000000 8.9999987 8.9999989 8.9999988 8.7259073 7.9053330 5.3612631 8.9999983 8.9538088 7.9827137 7.6928698 7.9827137 7.6928698 8.1844856 6.5266469 8.8230396 7.7355457 8.9999987 8.9999982 8.9999985 6.8556524 8.9999980 8.2266409 8.9999986 8.9999980 8.9999980 8.2105854 8.1970345 8.1970345 8.9113698 8.1673702 8.9999984 8.5626045 8.9999988 8.9999986 8.9999986 8.9999987 8.9999983 8.9999983 8.1048637 8.0664378 8.9999988 8.0664378 8.8152690 8.9999982 8.3077384 7.7561167 
NP_731254.1__OctR_Oamb_Dmel__Drosophila_melanogaster              8.9999985 7.6936997 8.7698682 8.1733733 8.6957958 8.9889632 8.5867628 8.5464150 7.9217067 8.1521253 7.9537077 8.9999989 7.9310197 8.7667088 8.9999982 8.9999987 0.0000000 7.7596183 8.9999984 6.6294670 8.3071516 8.3071436 8.1507511 7.5765062 6.9622419 8.9999980 6.9622419 8.9999980 7.9888025 8.6928400 6.7498944 7.1848813 8.2168469 7.7963462 7.6628393 7.4063694 8.9999986 7.4224972 8.4532056 8.0004439 8.9999987 6.6968453 8.7947290 8.7947290 8.4538916 7.0938048 8.4293435 7.2375000 8.1049492 8.1777247 8.1777247 8.5172995 8.9999987 8.9999987 6.6448060 8.7458956 8.5112733 8.7458956 8.4932879 5.5143657 6.5390634 8.9999989 
NP_001303505.1__OctB2R_Dmel__Drosophila_melanogaster              4.5328191 3.3609883 2.7281910 4.4753748 2.5494324 8.4904588 7.1629138 2.9605405 3.3493813 2.3388107 7.7493016 2.5200395 2.8800388 3.2581185 3.7164998 8.9999989 7.7596183 0.0000000 5.6068463 2.4121150 2.6223162 5.4105548 4.0716521 8.1319646 2.3205216 2.5909535 2.3205216 2.5909535 2.3909562 2.6714892 2.5785189 2.5607570 3.2752174 2.9194263 3.1469967 2.9602675 4.8422692 6.5851935 4.4473966 3.5881630 3.3997587 2.3462046 2.5786617 2.5786617 7.6751517 2.5559322 3.4640051 7.3109288 2.8525359 2.9325734 2.9325734 2.2754277 6.1690961 6.1690961 2.3648919 2.5723072 7.0110318 2.5723072 5.0024529 6.0896627 2.3709587 2.6014171 
NP_569905.1__TyrR_Dmel__Drosophila_melanogaster                   7.5691311 5.9918784 5.6899111 5.8280891 5.7826566 8.9999989 8.9999988 6.2678660 6.7262242 6.1201893 7.4662184 6.1922107 6.2676938 6.6415192 7.6596461 8.9999988 8.9999984 5.6068463 0.0000000 5.2219285 5.8628725 8.9999981 6.9275500 6.9846974 5.0616981 5.9116643 5.0616981 5.9116643 5.7162983 6.2048226 5.5508255 6.4696389 5.4121933 6.7901817 6.0598506 6.0556994 7.3769694 8.5841322 7.4008723 5.5985029 6.1534725 5.6354603 5.8726910 5.8726910 8.2093059 6.3536386 5.6484510 8.9999985 6.3523004 5.5102153 5.5102153 5.2902575 8.9999986 8.9999986 5.6847180 5.8619470 8.9999983 5.8619470 8.9962149 8.9999983 5.3185056 5.6915757 
ENSGALT00010029037.1__DRD1_candidate__Gallus_gallus               3.8732376 3.3820503 2.4035570 4.5506357 2.1882850 8.5072549 6.3569846 2.8121676 2.6809536 1.7822537 6.6326176 2.0438891 1.9295350 1.9444104 3.0387917 8.7259073 6.6294670 2.4121150 5.2219285 0.0000000 2.0884484 5.8276348 4.2115204 8.3069959 0.2223057 1.9480763 0.2223057 1.9480763 2.1710845 2.5394917 0.8068688 2.0204155 3.1424920 2.0014005 2.6456947 2.3265320 4.2795124 6.5597320 3.9280879 3.0258896 2.9500383 0.2554971 1.9628199 1.9628199 7.6602000 1.9543316 3.1498443 6.2028991 2.9414998 2.8624201 2.8624201 1.7194496 5.8571807 5.8571807 0.2493176 1.9628199 7.2767298 1.9628199 5.4642775 5.2637789 0.1605976 1.8986810 
ENSGALT00010060881.1__DRD2_candidate__Gallus_gallus               3.8888828 3.2824163 2.3461967 4.8713812 2.4682495 6.8554379 5.2239556 2.7613496 2.3134787 1.8661586 7.2107030 0.5183706 2.6320511 2.9433751 3.1189538 7.9053330 8.3071516 2.6223162 5.8628725 2.0884484 0.0000000 4.1168453 3.9248299 8.3002554 2.0835439 0.2482937 2.0835439 0.2482937 0.9479322 2.1540482 2.4023792 2.7485974 2.4417547 2.5517251 2.2602110 2.6760735 4.2082255 6.2261653 3.4375987 3.5700762 3.2529330 2.0512542 0.2551411 0.2551411 8.2778867 2.8373081 2.4204275 6.9453267 2.7621765 2.8676425 2.8676425 2.0981234 5.8562783 5.8562783 2.0502957 0.2551411 6.5578774 0.2551411 5.6509207 5.4796943 2.0932447 0.2711048 
NP_001138692.1__DRD1__Gallus_gallus                               8.0201431 6.9202860 4.6787736 7.1633023 6.0915417 8.2538684 7.5072652 5.8516523 5.5530322 5.8369992 8.9999984 3.8470851 5.8289940 5.7123560 6.4535602 5.3612631 8.3071436 5.4105548 8.9999981 5.8276348 4.1168453 0.0000000 6.1016092 8.0785663 5.9151352 4.1235319 5.9151352 4.1235319 4.5019881 6.2290469 5.4926330 5.8253646 5.4337312 4.6759805 5.4124280 5.8019417 5.3805540 6.5696626 7.0607067 7.2140061 7.0344685 5.7386169 4.0641380 4.0641380 8.8509217 5.8697358 5.4292973 7.1676825 6.1274427 5.7697405 5.7697405 6.3309000 8.9999984 8.9999984 5.7386169 4.0641380 8.8091240 4.0641380 7.6619793 6.5715378 5.5019728 3.9909436 
NP_001076242.1__DRD2__Gallus_gallus                               5.3739474 4.6866016 4.4087437 5.4581556 4.1921751 8.9999988 8.2765860 4.4977491 4.0002640 4.0519713 8.4772977 3.6525013 3.6105645 4.2299208 4.2972717 8.9999983 8.1507511 4.0716521 6.9275500 4.2115204 3.9248299 6.1016092 0.0000000 7.7339319 4.0640266 3.8622286 4.0640266 3.8622286 3.6182697 5.0370758 3.7370464 3.4555796 4.3270405 3.8526133 4.1402952 4.1940665 4.5438234 6.2799386 5.1520964 5.4511544 4.7272938 4.0845393 3.7451021 3.7451021 7.8359913 3.4230459 4.2629696 8.9999982 4.4795501 4.1555416 4.1555416 4.1870977 6.6238804 6.6238804 4.0784700 3.7451021 8.7378779 3.7451021 6.5794547 7.1542736 4.2575478 3.5498135 
NP_989495.1__HTR2A__Gallus_gallus                                 8.9999986 8.9999987 7.3654085 8.9972781 7.6534391 8.1326990 8.8346819 8.9999986 8.9999982 7.7924042 7.0419477 8.9999985 7.9764550 8.4160399 8.6426472 8.9538088 7.5765062 8.1319646 6.9846974 8.3069959 8.3002554 8.0785663 7.7339319 0.0000000 7.6668864 8.6021062 7.6668864 8.6021062 7.5129369 6.6811599 7.3660177 7.7409263 8.0941038 7.3938259 8.1198676 7.2302902 8.7070335 7.3262821 8.7929018 8.3619393 7.0651271 7.8227010 8.5231830 8.5231830 8.1610702 7.5709165 7.8860532 8.5080264 8.2518004 7.2050958 7.2050958 7.4934806 8.9999985 8.9999985 7.8519938 8.4216937 8.8630397 8.4216937 8.4902159 7.4053499 8.0902120 8.9795115 
ENST00000393752.3__DRD1_candidate__Homo_sapiens                   3.9929432 3.1173597 2.3571947 4.4377694 2.1446205 7.5493445 6.3516512 2.7699239 2.7143073 1.9305599 6.3794641 2.0473177 1.9706957 2.0748258 2.9678827 7.9827137 6.9622419 2.3205216 5.0616981 0.2223057 2.0835439 5.9151352 4.0640266 7.6668864 0.0000000 2.0518358 0.0000010 2.0518358 2.1776205 2.5383967 0.8081209 1.9962587 3.0508556 1.9086656 2.6604639 2.2174965 4.1294600 6.7248154 3.9570435 3.1300362 2.9489364 0.0985969 2.0673328 2.0673328 7.6960993 1.9777220 3.0432409 6.3387610 2.8991132 2.7053289 2.7053289 1.7435726 6.1377692 6.1377692 0.1076556 2.0673328 6.7381440 2.0673328 5.4233548 5.0070004 0.2323386 1.9861162 
ENST00000362072.8__DRD2_candidate__Homo_sapiens                   3.8395342 3.1716946 2.4784503 4.2653310 2.4743073 6.6303918 5.2903901 2.7893708 2.4706408 1.9369803 7.0239558 0.5263223 2.6098827 2.9213734 3.1954119 7.6928698 8.9999980 2.5909535 5.9116643 1.9480763 0.2482937 4.1235319 3.8622286 8.6021062 2.0518358 0.0000000 2.0518358 0.0000010 0.9622385 2.1555251 2.0943950 2.8566510 2.4360931 2.5756159 2.3824446 2.8426329 4.2357975 6.0604576 3.5240469 3.4383808 3.3054610 1.9839301 0.0447184 0.0447184 7.9964542 2.8183147 2.4927644 6.8990505 2.7852562 3.0259750 3.0259750 2.0543248 6.1565311 6.1565311 1.9844501 0.0421940 7.1487251 0.0421940 5.3706333 5.4201669 1.9778065 0.3049060 
NP_000785.1__DRD1__Homo_sapiens                                   3.9929432 3.1173597 2.3571947 4.4377694 2.1446205 7.5493445 6.3516512 2.7699239 2.7143073 1.9305599 6.3794641 2.0473177 1.9706957 2.0748258 2.9678827 7.9827137 6.9622419 2.3205216 5.0616981 0.2223057 2.0835439 5.9151352 4.0640266 7.6668864 0.0000010 2.0518358 0.0000000 2.0518358 2.1776205 2.5383967 0.8081209 1.9962587 3.0508556 1.9086656 2.6604639 2.2174965 4.1294600 6.7248154 3.9570435 3.1300362 2.9489364 0.0985969 2.0673328 2.0673328 7.6960993 1.9777220 3.0432409 6.3387610 2.8991132 2.7053289 2.7053289 1.7435726 6.1377692 6.1377692 0.1076556 2.0673328 6.7381440 2.0673328 5.4233548 5.0070004 0.2323386 1.9861162 
NP_000786.1__DRD2__Homo_sapiens                                   3.8395342 3.1716946 2.4784503 4.2653310 2.4743073 6.6303918 5.2903901 2.7893708 2.4706408 1.9369803 7.0239558 0.5263223 2.6098827 2.9213734 3.1954119 7.6928698 8.9999980 2.5909535 5.9116643 1.9480763 0.2482937 4.1235319 3.8622286 8.6021062 2.0518358 0.0000010 2.0518358 0.0000000 0.9622385 2.1555251 2.0943950 2.8566510 2.4360931 2.5756159 2.3824446 2.8426329 4.2357975 6.0604576 3.5240469 3.4383808 3.3054610 1.9839301 0.0447184 0.0447184 7.9964542 2.8183147 2.4927644 6.8990505 2.7852562 3.0259750 3.0259750 2.0543248 6.1565311 6.1565311 1.9844501 0.0421940 7.1487251 0.0421940 5.3706333 5.4201669 1.9778065 0.3049060 
NP_000787.2__DRD3__Homo_sapiens                                   4.1825252 2.8934738 2.5253424 4.6991971 2.5740037 7.8726301 6.3369122 2.8061476 2.4684490 2.1494656 7.0946026 1.0122250 2.6322758 2.6867576 3.1967946 8.1844856 7.9888025 2.3909562 5.7162983 2.1710845 0.9479322 4.5019881 3.6182697 7.5129369 2.1776205 0.9622385 2.1776205 0.9622385 0.0000000 1.9767879 2.3332935 2.6902514 2.9333908 2.6726314 2.4915754 2.5840197 4.1786974 5.9853591 3.7082056 3.8294529 3.3722123 2.2423720 0.9619170 0.9619170 8.2989350 2.7589800 3.0001057 6.0714888 2.6535774 3.1678259 3.1678259 2.1401606 5.5308024 5.5308024 2.2206437 0.9603192 7.1959477 0.9603192 6.1227958 5.7916689 2.1514965 0.9180535 
NP_000788.2__DRD4__Homo_sapiens                                   4.3808911 3.6588076 2.4509401 4.3641809 3.0123859 7.5014270 6.9564307 3.2023830 3.3830569 2.5588073 7.5308990 2.2174752 3.0289604 2.9614058 3.2504222 6.5266469 8.6928400 2.6714892 6.2048226 2.5394917 2.1540482 6.2290469 5.0370758 6.6811599 2.5383967 2.1555251 2.5383967 2.1555251 1.9767879 0.0000000 2.4432689 2.9847093 2.6318876 3.0691398 2.8808827 2.6464502 3.9706661 5.7472208 4.3745557 4.0953057 3.8352378 2.6498851 2.2249092 2.2249092 6.8533185 2.9305454 2.7586392 5.9093516 2.8259072 3.4721008 3.4721008 2.6595642 7.4318440 7.4318440 2.6213435 2.2012320 7.4025280 2.2012320 6.7771355 6.5160971 2.5585701 2.1120440 
NP_000789.1__DRD5__Homo_sapiens                                   3.9587485 3.1521146 2.4504927 4.8311450 2.2313139 7.6757843 7.4215091 2.6743302 2.8860743 2.1283235 7.5410227 2.0752722 2.2996436 2.3209320 3.2903983 8.8230396 6.7498944 2.5785189 5.5508255 0.8068688 2.4023792 5.4926330 3.7370464 7.3660177 0.8081209 2.0943950 0.8081209 2.0943950 2.3332935 2.4432689 0.0000000 2.1115941 3.3987554 2.2308070 2.9462323 2.4025362 4.4595451 7.7156605 3.6970013 3.2973639 3.1793897 0.8380780 2.1130519 2.1130519 7.2212439 2.0082521 3.2277068 6.0429900 2.9087170 2.9268544 2.9268544 2.2953222 6.0597750 6.0597750 0.8312816 2.0878954 7.0364287 2.0878954 5.3737483 4.4922705 0.7906432 1.9850751 
NP_000515.2__HTR1A__Homo_sapiens                                  4.9764657 3.1511953 3.1982800 5.4369795 2.6306677 6.8438878 7.2451216 3.5493497 3.0836319 2.1070017 8.9999989 2.8453471 0.5217137 2.2979279 3.1572228 7.7355457 7.1848813 2.5607570 6.4696389 2.0204155 2.7485974 5.8253646 3.4555796 7.7409263 1.9962587 2.8566510 1.9962587 2.8566510 2.6902514 2.9847093 2.1115941 0.0000000 3.2104335 1.7573169 2.2553757 2.7318903 4.3865902 6.9252173 4.2536698 3.3477861 3.0417752 1.9855316 2.8491305 2.8491305 8.0339469 0.1435466 3.1732856 8.0722423 2.9865107 3.1237575 3.1237575 2.1925408 6.5002723 6.5002723 1.9832814 2.8363473 6.7334537 2.8363473 6.5295117 6.3114242 1.9814737 2.6272473 
NP_000612.1__HTR2A__Homo_sapiens                                  3.8679782 4.3089398 3.0373557 4.1100140 3.0725355 7.2515126 7.4747114 2.0029473 2.2362231 3.2644543 8.0170071 2.5301405 2.9224997 3.0562207 2.9064468 8.9999987 8.2168469 3.2752174 5.4121933 3.1424920 2.4417547 5.4337312 4.3270405 8.0941038 3.0508556 2.4360931 3.0508556 2.4360931 2.9333908 2.6318876 3.3987554 3.2104335 0.0000000 3.1274608 3.4335110 3.4619148 4.9464474 6.9073404 4.6543254 4.2373073 3.7646514 2.9685448 2.3868043 2.3868043 8.0514982 3.1250537 0.0933333 8.7372921 3.4963619 3.2029978 3.2029978 2.9978678 5.5965026 5.5965026 2.9900994 2.3849873 7.6637643 2.3849873 6.4315659 7.9863060 3.1833688 2.5628835 
NP_000854.1__HTR1B__Homo_sapiens                                  4.5205985 3.2118990 2.8390599 5.9651241 2.3707473 7.7229897 7.1194335 3.3479037 3.0765785 2.2709429 7.8266708 2.5840634 1.5923326 2.0085752 3.2329689 8.9999982 7.7963462 2.9194263 6.7901817 2.0014005 2.5517251 4.6759805 3.8526133 7.3938259 1.9086656 2.5756159 1.9086656 2.5756159 2.6726314 3.0691398 2.2308070 1.7573169 3.1274608 0.0000000 2.4019546 2.6240694 4.5811016 6.3196600 4.4788407 3.9032552 3.6520498 1.9660656 2.5423930 2.5423930 7.8377849 1.7414245 3.1027154 8.3835100 3.3094389 3.5510468 3.5510468 2.3464077 6.3125264 6.3125264 1.9729875 2.5363463 7.3222922 2.5363463 5.5302211 6.8417910 1.9482861 2.5409895 
NP_000671.2__ADRA1A__Homo_sapiens                                 4.4801318 3.3806758 2.8875608 4.5107986 2.3261548 7.8967637 7.8809102 3.5685123 3.2056885 2.4564829 6.8987174 2.2918954 2.5774723 2.4933237 3.3849784 8.9999985 7.6628393 3.1469967 6.0598506 2.6456947 2.2602110 5.4124280 4.1402952 8.1198676 2.6604639 2.3824446 2.6604639 2.3824446 2.4915754 2.8808827 2.9462323 2.2553757 3.4335110 2.4019546 0.0000000 2.7761549 4.6492491 7.0840501 4.7525970 3.4058568 3.4575624 2.7699321 2.3955315 2.3955315 8.5556901 2.2572229 3.3972827 7.1688932 3.2167248 3.2442544 3.2442544 2.6941535 7.1419608 7.1419608 2.7526411 2.3831016 7.2211748 2.3831016 7.0985916 5.4698601 2.5160901 2.2604131 
NP_000675.1__ADRB1__Homo_sapiens                                  3.9895741 3.2056836 3.0858236 5.0583398 2.4774092 7.5547613 7.3500502 3.7566957 3.7779820 2.6745064 7.2334752 2.7063350 2.8777267 3.5392153 4.1507309 6.8556524 7.4063694 2.9602675 6.0556994 2.3265320 2.6760735 5.8019417 4.1940665 7.2302902 2.2174965 2.8426329 2.2174965 2.8426329 2.5840197 2.6464502 2.4025362 2.7318903 3.4619148 2.6240694 2.7761549 0.0000000 4.2461320 6.9773586 4.2924060 3.6436398 3.3163513 2.2704189 2.8256868 2.8256868 8.1181452 2.7422474 3.5655691 6.7330122 3.8420792 3.4364697 3.4364697 2.6956167 6.9327189 6.9327189 2.2451111 2.8230607 8.6743159 2.8230607 6.2785332 6.4515396 2.2943860 2.8064715 
NP_000743.1__CHRM1__Homo_sapiens                                  5.5869015 5.5551729 4.0433138 4.5017654 4.2471454 7.9257293 8.0272012 4.9301561 4.6376029 4.7049421 8.9999987 3.9941980 4.4846339 4.6897856 4.4513291 8.9999980 8.9999986 4.8422692 7.3769694 4.2795124 4.2082255 5.3805540 4.5438234 8.7070335 4.1294600 4.2357975 4.1294600 4.2357975 4.1786974 3.9706661 4.4595451 4.3865902 4.9464474 4.5811016 4.6492491 4.2461320 0.0000000 6.2694573 6.0292220 5.9068296 4.7345962 4.3055883 4.2754043 4.2754043 8.9999986 4.4023888 4.9502867 8.9999988 4.5166754 4.2862222 4.2862222 4.2450192 7.1326314 7.1326314 4.2412641 4.2673304 7.7167620 4.2673304 7.6078691 5.7172623 4.4309612 4.0581253 
NP_000912.1__HRH1__Homo_sapiens                                   6.6600922 6.9257990 6.5828048 8.5130579 6.8876533 8.6390269 8.4826626 6.8279010 7.2866950 6.9894534 7.2745528 6.3783578 6.5935389 6.8395907 8.9522282 8.2266409 7.4224972 6.5851935 8.5841322 6.5597320 6.2261653 6.5696626 6.2799386 7.3262821 6.7248154 6.0604576 6.7248154 6.0604576 5.9853591 5.7472208 7.7156605 6.9252173 6.9073404 6.3196600 7.0840501 6.9773586 6.2694573 0.0000000 8.8574684 6.5744475 6.5267837 6.8549548 6.2424359 6.2424359 7.4037118 6.6955734 7.1152907 7.1801313 6.9104161 6.0306222 6.0306222 5.7910465 8.9999987 8.9999987 6.7593555 6.1749417 7.5892684 6.1749417 7.6730106 6.1916376 6.6330986 6.1060182 
XM_065817400.1__MollCnid_DopR_1_candidate__Hydra_vulgaris         6.2711082 5.2970963 3.9609564 5.2265729 4.0401814 8.9999985 8.9999980 4.5559553 4.5923610 4.0449741 8.9999987 3.4209963 4.1066427 3.9609544 4.8915095 8.9999986 8.4532056 4.4473966 7.4008723 3.9280879 3.4375987 7.0607067 5.1520964 8.7929018 3.9570435 3.5240469 3.9570435 3.5240469 3.7082056 4.3745557 3.6970013 4.2536698 4.6543254 4.4788407 4.7525970 4.2924060 6.0292220 8.8574684 0.0000000 4.8098450 5.4842384 4.0466820 3.4690849 3.4690849 8.4798465 4.1858352 4.4701220 7.3803517 5.0977164 4.7114343 4.7114343 4.1928765 8.2742274 8.2742274 4.0444867 3.4690849 7.8611441 3.4690849 8.9627367 7.9857581 3.7539552 3.3690923 
XM_065815825.1__MollCnid_DopR_2_candidate__Hydra_vulgaris         3.6745691 3.4255291 3.2921431 4.6265332 3.2257356 8.9999989 7.0196436 4.2357796 3.9777165 2.9953918 8.9999987 3.3500512 3.3989346 3.3320339 4.4021520 8.9999980 8.0004439 3.5881630 5.5985029 3.0258896 3.5700762 7.2140061 5.4511544 8.3619393 3.1300362 3.4383808 3.1300362 3.4383808 3.8294529 4.0953057 3.2973639 3.3477861 4.2373073 3.9032552 3.4058568 3.6436398 5.9068296 6.5744475 4.8098450 0.0000000 1.2801156 3.3177396 3.4320646 3.4320646 8.3320444 3.3262022 4.1830254 6.6315868 2.7260137 2.7223265 2.7223265 3.2970565 7.3618058 7.3618058 3.3177396 3.4320646 8.6585353 3.4320646 5.7508720 5.2184246 2.9917072 3.3082120 
XM_065815821.1__MollCnid_DopR_3_candidate__Hydra_vulgaris         3.3262799 3.5997830 2.9037332 4.7554850 3.1729634 8.9999988 7.1248819 3.8971500 3.0352088 3.3879109 8.6721107 3.2875611 2.7868422 3.4964301 3.5136406 8.9999980 8.9999987 3.3997587 6.1534725 2.9500383 3.2529330 7.0344685 4.7272938 7.0651271 2.9489364 3.3054610 2.9489364 3.3054610 3.3722123 3.8352378 3.1793897 3.0417752 3.7646514 3.6520498 3.4575624 3.3163513 4.7345962 6.5267837 5.4842384 1.2801156 0.0000000 3.1311743 3.2547379 3.2547379 8.2815971 3.0262943 3.6641448 8.5306277 2.5928599 2.3795798 2.3795798 3.3709650 7.5401229 7.5401229 3.1311743 3.2547379 6.7493360 3.2547379 6.0426700 5.4105444 2.9734925 3.1739342 
ENSMUST00000021932.6__DRD1_candidate__Mus_musculus                4.0037274 3.2390053 2.3655139 4.8088242 2.2232671 7.6784192 6.2491869 2.8954082 2.7117598 1.9321826 6.5473460 1.9851520 1.9475653 2.0855832 3.1150333 8.2105854 6.6968453 2.3462046 5.6354603 0.2554971 2.0512542 5.7386169 4.0845393 7.8227010 0.0985969 1.9839301 0.0985969 1.9839301 2.2423720 2.6498851 0.8380780 1.9855316 2.9685448 1.9660656 2.7699321 2.2704189 4.3055883 6.8549548 4.0466820 3.3177396 3.1311743 0.0000000 1.9988753 1.9988753 7.5373832 1.9622296 3.0269730 6.3601318 2.9789024 2.8364180 2.8364180 1.8301646 6.4205979 6.4205979 0.0175959 1.9988753 7.0386037 1.9988753 5.5668331 4.8995729 0.2708462 1.9671346 
ENSMUST00000075764.8__DRD2_candidate__Mus_musculus                3.7389904 3.0972086 2.4738478 4.2627520 2.4950432 6.5219914 5.6154901 2.7654746 2.4327839 1.9454598 7.0912336 0.5237215 2.6080817 2.9208958 3.1905452 8.1970345 8.7947290 2.5786617 5.8726910 1.9628199 0.2551411 4.0641380 3.7451021 8.5231830 2.0673328 0.0447184 2.0673328 0.0447184 0.9619170 2.2249092 2.1130519 2.8491305 2.3868043 2.5423930 2.3955315 2.8256868 4.2754043 6.2424359 3.4690849 3.4320646 3.2547379 1.9988753 0.0000000 0.0000010 7.9351387 2.7937664 2.4424131 7.1664612 2.8226058 3.0398509 3.0398509 2.0803309 6.0276635 6.0276635 1.9993967 0.0021617 7.1498586 0.0021617 5.5876240 5.4201669 1.9928080 0.3123087 
NP_034207.2__DRD1__Mus_musculus                                   3.7389904 3.0972086 2.4738478 4.2627520 2.4950432 6.5219914 5.6154901 2.7654746 2.4327839 1.9454598 7.0912336 0.5237215 2.6080817 2.9208958 3.1905452 8.1970345 8.7947290 2.5786617 5.8726910 1.9628199 0.2551411 4.0641380 3.7451021 8.5231830 2.0673328 0.0447184 2.0673328 0.0447184 0.9619170 2.2249092 2.1130519 2.8491305 2.3868043 2.5423930 2.3955315 2.8256868 4.2754043 6.2424359 3.4690849 3.4320646 3.2547379 1.9988753 0.0000010 0.0000000 7.9351387 2.7937664 2.4424131 7.1664612 2.8226058 3.0398509 3.0398509 2.0803309 6.0276635 6.0276635 1.9993967 0.0021617 7.1498586 0.0021617 5.5876240 5.4201669 1.9928080 0.3123087 
NP_034208.2__DRD2__Mus_musculus                                   7.8664029 8.1358758 7.7833312 8.2859544 7.2202381 8.2380471 8.6419983 7.1256727 7.8559381 7.3676709 7.6105987 8.2909800 7.1541092 8.9999989 8.6821762 8.9113698 8.4538916 7.6751517 8.2093059 7.6602000 8.2778867 8.8509217 7.8359913 8.1610702 7.6960993 7.9964542 7.6960993 7.9964542 8.2989350 6.8533185 7.2212439 8.0339469 8.0514982 7.8377849 8.5556901 8.1181452 8.9999986 7.4037118 8.4798465 8.3320444 8.2815971 7.5373832 7.9351387 7.9351387 0.0000000 7.8916467 7.8638905 8.9999989 7.8229557 8.6139853 8.6139853 8.0992601 8.9999985 8.9999985 7.5145666 7.8865367 7.8837194 7.8865367 7.7307561 8.8956265 7.9709960 8.3956451 
NP_032334.2__HTR1A__Mus_musculus                                  4.9930239 3.1542789 3.2530091 5.4886688 2.6172607 6.9637268 7.7353998 3.3609738 2.8983475 2.1089871 8.5706405 2.9273880 0.5617504 2.3264803 3.0690979 8.1673702 7.0938048 2.5559322 6.3536386 1.9543316 2.8373081 5.8697358 3.4230459 7.5709165 1.9777220 2.8183147 1.9777220 2.8183147 2.7589800 2.9305454 2.0082521 0.1435466 3.1250537 1.7414245 2.2572229 2.7422474 4.4023888 6.6955734 4.1858352 3.3262022 3.0262943 1.9622296 2.7937664 2.7937664 7.8916467 0.0000000 3.1221524 7.9331037 3.0244012 3.1095716 3.1095716 2.1546167 6.3718650 6.3718650 1.9404767 2.7813342 7.0272240 2.7813342 6.2806888 6.1420773 1.9523344 2.6781762 
NP_766400.1__HTR2A__Mus_musculus                                  3.8718658 4.3028124 3.1419597 4.4007446 3.1190322 7.5099476 7.5736929 1.9793064 2.2852482 3.2895597 8.0306259 2.5566633 3.0105744 3.1437237 2.9278297 8.9999984 8.4293435 3.4640051 5.6484510 3.1498443 2.4204275 5.4292973 4.2629696 7.8860532 3.0432409 2.4927644 3.0432409 2.4927644 3.0001057 2.7586392 3.2277068 3.1732856 0.0933333 3.1027154 3.3972827 3.5655691 4.9502867 7.1152907 4.4701220 4.1830254 3.6641448 3.0269730 2.4424131 2.4424131 7.8638905 3.1221524 0.0000000 8.6973708 3.5117743 3.3476820 3.3476820 3.1525867 5.4956002 5.4956002 3.0404036 2.4405166 7.9010358 2.4405166 6.2446487 7.5266868 3.2109117 2.6004421 
NP_038497.1__ADRA1A__Mus_musculus                                 8.9798644 7.7917169 7.5604739 8.9999983 7.8058219 8.9999987 8.9999983 7.3134657 8.3834977 7.2135083 8.5607311 6.6390673 7.6778533 7.6669431 8.9999986 8.5626045 7.2375000 7.3109288 8.9999985 6.2028991 6.9453267 7.1676825 8.9999982 8.5080264 6.3387610 6.8990505 6.3387610 6.8990505 6.0714888 5.9093516 6.0429900 8.0722423 8.7372921 8.3835100 7.1688932 6.7330122 8.9999988 7.1801313 7.3803517 6.6315868 8.5306277 6.3601318 7.1664612 7.1664612 8.9999989 7.9331037 8.6973708 0.0000000 7.5717262 8.4963617 8.4963617 7.6763991 8.9999983 8.9999983 6.3198526 7.1481580 8.9999989 7.1481580 7.0950725 7.1388739 6.2525921 6.6283229 
XM_032375046.2__MollCnid_DopR_1_candidate__Nematostella_vectensis 4.3331271 3.8892941 2.5462011 4.1561416 3.2683150 7.3127740 6.7522500 3.5946797 3.6606886 3.0459887 8.4902822 2.7202157 3.1242045 2.8560065 3.9703933 8.9999988 8.1049492 2.8525359 6.3523004 2.9414998 2.7621765 6.1274427 4.4795501 8.2518004 2.8991132 2.7852562 2.8991132 2.7852562 2.6535774 2.8259072 2.9087170 2.9865107 3.4963619 3.3094389 3.2167248 3.8420792 4.5166754 6.9104161 5.0977164 2.7260137 2.5928599 2.9789024 2.8226058 2.8226058 7.8229557 3.0244012 3.5117743 7.5717262 0.0000000 2.1135411 2.1135411 2.9238781 7.3856859 7.3856859 2.9418764 2.8124955 7.8006662 2.8124955 5.5075203 5.7769706 2.8641960 2.8225008 
XM_048733013.1__MollCnid_DopR_2_candidate__Nematostella_vectensis 3.9715687 3.2762691 2.3637925 4.6252409 2.7765066 8.9999988 7.6180796 3.2535766 2.9850035 2.8046041 8.9999983 2.8876922 3.3780172 3.1382593 3.6458930 8.9999986 8.1777247 2.9325734 5.5102153 2.8624201 2.8676425 5.7697405 4.1555416 7.2050958 2.7053289 3.0259750 2.7053289 3.0259750 3.1678259 3.4721008 2.9268544 3.1237575 3.2029978 3.5510468 3.2442544 3.4364697 4.2862222 6.0306222 4.7114343 2.7223265 2.3795798 2.8364180 3.0398509 3.0398509 8.6139853 3.1095716 3.3476820 8.4963617 2.1135411 0.0000000 0.0000010 2.8300470 7.6286103 7.6286103 2.8340779 3.0291105 8.9999983 3.0291105 5.8442836 6.2500946 2.8107236 2.8753835 
XM_032386133.2__MollCnid_DopR_3_candidate__Nematostella_vectensis 3.9715687 3.2762691 2.3637925 4.6252409 2.7765066 8.9999988 7.6180796 3.2535766 2.9850035 2.8046041 8.9999983 2.8876922 3.3780172 3.1382593 3.6458930 8.9999986 8.1777247 2.9325734 5.5102153 2.8624201 2.8676425 5.7697405 4.1555416 7.2050958 2.7053289 3.0259750 2.7053289 3.0259750 3.1678259 3.4721008 2.9268544 3.1237575 3.2029978 3.5510468 3.2442544 3.4364697 4.2862222 6.0306222 4.7114343 2.7223265 2.3795798 2.8364180 3.0398509 3.0398509 8.6139853 3.1095716 3.3476820 8.4963617 2.1135411 0.0000010 0.0000000 2.8300470 7.6286103 7.6286103 2.8340779 3.0291105 8.9999983 3.0291105 5.8442836 6.2500946 2.8107236 2.8753835 
XM_014919809.2__MollCnid_DopR_1_candidate__Octopus_bimaculoides   4.9550917 3.5757378 2.8380887 3.9713738 2.3797682 6.9939875 7.4456604 2.9040420 2.9358755 1.1699929 7.2064847 2.0382795 2.2030026 2.4007617 2.9980363 8.9999987 8.5172995 2.2754277 5.2902575 1.7194496 2.0981234 6.3309000 4.1870977 7.4934806 1.7435726 2.0543248 1.7435726 2.0543248 2.1401606 2.6595642 2.2953222 2.1925408 2.9978678 2.3464077 2.6941535 2.6956167 4.2450192 5.7910465 4.1928765 3.2970565 3.3709650 1.8301646 2.0803309 2.0803309 8.0992601 2.1546167 3.1525867 7.6763991 2.9238781 2.8300470 2.8300470 0.0000000 6.1021819 6.1021819 1.7872299 2.0761803 7.9079327 2.0761803 5.2159064 7.6096400 1.6993881 1.9514887 
XM_014930263.2__MollCnid_DopR_2_candidate__Octopus_bimaculoides   7.3018519 6.9802392 6.6433373 8.1579938 5.8156749 8.9999989 8.9999987 6.8806147 6.0520122 6.5472218 8.9999985 6.0272929 6.8371338 7.2415535 6.7237979 8.9999983 8.9999987 6.1690961 8.9999986 5.8571807 5.8562783 8.9999984 6.6238804 8.9999985 6.1377692 6.1565311 6.1377692 6.1565311 5.5308024 7.4318440 6.0597750 6.5002723 5.5965026 6.3125264 7.1419608 6.9327189 7.1326314 8.9999987 8.2742274 7.3618058 7.5401229 6.4205979 6.0276635 6.0276635 8.9999985 6.3718650 5.4956002 8.9999983 7.3856859 7.6286103 7.6286103 6.1021819 0.0000000 0.0000010 6.4169947 6.0276635 8.9999989 6.0276635 7.1130156 8.9023372 6.0674319 5.7691559 
XM_014930272.2__MollCnid_DopR_3_candidate__Octopus_bimaculoides   7.3018519 6.9802392 6.6433373 8.1579938 5.8156749 8.9999989 8.9999987 6.8806147 6.0520122 6.5472218 8.9999985 6.0272929 6.8371338 7.2415535 6.7237979 8.9999983 8.9999987 6.1690961 8.9999986 5.8571807 5.8562783 8.9999984 6.6238804 8.9999985 6.1377692 6.1565311 6.1377692 6.1565311 5.5308024 7.4318440 6.0597750 6.5002723 5.5965026 6.3125264 7.1419608 6.9327189 7.1326314 8.9999987 8.2742274 7.3618058 7.5401229 6.4205979 6.0276635 6.0276635 8.9999985 6.3718650 5.4956002 8.9999983 7.3856859 7.6286103 7.6286103 6.1021819 0.0000010 0.0000000 6.4169947 6.0276635 8.9999989 6.0276635 7.1130156 8.9023372 6.0674319 5.7691559 
ENSRNOT00000030893.5__DRD1_candidate__Rattus_norvegicus           4.0037274 3.2391365 2.3518395 4.7752473 2.2236498 7.8281610 6.2517645 2.9102584 2.7181979 1.9330059 6.6469758 1.9712903 1.9459284 2.0611840 3.1491175 8.1048637 6.6448060 2.3648919 5.6847180 0.2493176 2.0502957 5.7386169 4.0784700 7.8519938 0.1076556 1.9844501 0.1076556 1.9844501 2.2206437 2.6213435 0.8312816 1.9832814 2.9900994 1.9729875 2.7526411 2.2451111 4.2412641 6.7593555 4.0444867 3.3177396 3.1311743 0.0175959 1.9993967 1.9993967 7.5145666 1.9404767 3.0404036 6.3198526 2.9418764 2.8340779 2.8340779 1.7872299 6.4169947 6.4169947 0.0000000 1.9993967 7.0405835 1.9993967 5.5062493 4.9175393 0.2628970 1.9615308 
ENSRNOT00000045944.7__DRD2_candidate__Rattus_norvegicus           3.7389904 3.0972086 2.4656948 4.2627520 2.4696840 6.5219914 5.6048975 2.7654746 2.4222673 1.9470275 7.0563336 0.5237215 2.5962052 2.9128243 3.1818215 8.0664378 8.7458956 2.5723072 5.8619470 1.9628199 0.2551411 4.0641380 3.7451021 8.4216937 2.0673328 0.0421940 2.0673328 0.0421940 0.9603192 2.2012320 2.0878954 2.8363473 2.3849873 2.5363463 2.3831016 2.8230607 4.2673304 6.1749417 3.4690849 3.4320646 3.2547379 1.9988753 0.0021617 0.0021617 7.8865367 2.7813342 2.4405166 7.1481580 2.8124955 3.0291105 3.0291105 2.0761803 6.0276635 6.0276635 1.9993967 0.0000000 7.1334858 0.0000010 5.5876240 5.4201669 1.9928080 0.3123087 
NP_036676.1__DRD1__Rattus_norvegicus                              7.4153560 7.8577155 6.9509425 8.9999986 6.8279278 8.4559194 8.9999988 8.0620432 8.1759855 7.9083446 8.9999985 6.9785769 6.1742998 7.3183111 8.9999985 8.9999988 8.5112733 7.0110318 8.9999983 7.2767298 6.5578774 8.8091240 8.7378779 8.8630397 6.7381440 7.1487251 6.7381440 7.1487251 7.1959477 7.4025280 7.0364287 6.7334537 7.6637643 7.3222922 7.2211748 8.6743159 7.7167620 7.5892684 7.8611441 8.6585353 6.7493360 7.0386037 7.1498586 7.1498586 7.8837194 7.0272240 7.9010358 8.9999989 7.8006662 8.9999983 8.9999983 7.9079327 8.9999989 8.9999989 7.0405835 7.1334858 0.0000000 7.1334858 7.7718615 8.9999989 7.6563799 6.6767183 
NP_036679.1__DRD2__Rattus_norvegicus                              3.7389904 3.0972086 2.4656948 4.2627520 2.4696840 6.5219914 5.6048975 2.7654746 2.4222673 1.9470275 7.0563336 0.5237215 2.5962052 2.9128243 3.1818215 8.0664378 8.7458956 2.5723072 5.8619470 1.9628199 0.2551411 4.0641380 3.7451021 8.4216937 2.0673328 0.0421940 2.0673328 0.0421940 0.9603192 2.2012320 2.0878954 2.8363473 2.3849873 2.5363463 2.3831016 2.8230607 4.2673304 6.1749417 3.4690849 3.4320646 3.2547379 1.9988753 0.0021617 0.0021617 7.8865367 2.7813342 2.4405166 7.1481580 2.8124955 3.0291105 3.0291105 2.0761803 6.0276635 6.0276635 1.9993967 0.0000010 7.1334858 0.0000000 5.5876240 5.4201669 1.9928080 0.3123087 
