50
DRD1|Homo_sapiens|ENST00000393752.3          0.0000000 0.1024351 0.1114698 0.2260082 0.2328996 2.2062054 2.2339018 2.2312721 2.3232988 2.0680000 2.1597661 2.8108522 2.0813648 3.6036418 1.9071393 2.7888603 2.1346769 2.7568757 2.1374603 2.3467566 2.1762882 2.3676461 2.5928150 2.2431358 1.8804791 2.7486924 2.7616228 4.2635607 4.3012225 4.3183216 2.7464780 2.6403148 2.6590781 2.7593004 2.7593004 2.4652129 2.4652129 2.8536670 2.8536670 1.9952153 2.1423880 3.0168154 2.4626190 2.7580020 2.6318421 2.5913857 2.7412837 2.7502897 2.4747501 3.3274009 
DRD1|Mus_musculus|ENSMUST00000021932.6       0.1024351 0.0000000 0.0176931 0.2492053 0.2603145 2.1276808 2.1606439 2.1580182 2.3604182 2.0675114 2.2838909 2.6302233 2.1923549 3.4643270 1.9855331 2.6363218 2.3529931 2.6653075 2.1315207 2.1836641 2.1314800 2.2056930 2.6499017 2.2190298 1.9558174 2.6748466 2.7121084 4.2327272 3.9508396 4.2471598 2.8693561 2.6327187 2.6512085 2.7568297 2.7568297 2.5728748 2.5728748 2.8403931 2.8403931 1.9986599 2.1795841 2.9820874 2.5513450 2.8129778 2.6487141 2.7046443 2.9013093 2.7887821 2.5368411 3.2991940 
DRD1|Rattus_norvegicus|ENSRNOT00000030893.5  0.1114698 0.0176931 0.0000000 0.2425338 0.2527471 2.0992481 2.1318385 2.1292246 2.3231900 2.1073921 2.2577190 2.5654825 2.2063214 3.4724391 1.9841876 2.6116801 2.3484553 2.6627614 2.1231049 2.1815278 2.1230765 2.2011489 2.6433690 2.1989487 1.9069938 2.6789354 2.7358652 4.2382454 3.9429723 4.2597691 2.8313873 2.6522601 2.6630691 2.7251275 2.7251275 2.5975380 2.5975380 2.8416281 2.8416281 1.9825321 2.1754616 2.9646528 2.5137512 2.8267384 2.5789522 2.6965363 2.8665664 2.7357074 2.5320020 3.2666280 
DRD1|Gallus_gallus|ENSGALT00010029037.1      0.2260082 0.2492053 0.2425338 0.0000000 0.1556615 2.1867151 2.2284210 2.2257703 2.4204001 2.0670587 2.3882596 2.6905077 2.2006180 3.8197561 1.8941261 2.6829693 2.1356744 2.5356076 2.1654626 2.1963671 2.1641962 2.2304491 2.4989853 2.1761774 1.8106279 2.8491176 2.7301960 4.4114697 4.0718065 4.2604832 2.6863326 2.7516297 2.7566570 2.6728833 2.6728833 2.5089720 2.5089720 2.9242430 2.9242430 2.0118694 2.2958830 3.2409158 2.3035525 2.7456398 2.6413643 2.5394531 2.7835329 2.8242111 2.4888458 3.2328060 
DRD1|Xenopus_tropicalis|ENSXETT00000030438.3 0.2328996 0.2603145 0.2527471 0.1556615 0.0000000 2.0979676 2.1373076 2.1346850 2.2929395 2.0418031 2.2183767 2.6460957 2.0901891 3.6607958 1.8997039 2.6363465 2.0338554 2.5025419 2.2639720 2.1653086 2.2769249 2.1820788 2.5363057 2.2762930 1.8581306 2.8599571 2.6082047 4.3942953 4.2210004 4.2559162 2.7726008 2.6193920 2.6294548 2.6376374 2.6376374 2.5706031 2.5706031 2.8966321 2.8966321 1.9612486 2.2825359 3.0965227 2.3053684 2.7966802 2.7263160 2.5703544 2.8492120 2.7159873 2.4758127 3.2881609 
DRD2|Homo_sapiens|ENST00000362072.8          2.2062054 2.1276808 2.0992481 2.1867151 2.0979676 0.0000000 0.0445505 0.0420611 0.2403296 0.2952725 3.0770944 2.1827965 2.4020151 2.8759585 2.3053910 2.3989289 2.9676200 2.1654119 2.5829034 2.5861007 2.5904046 2.5792464 2.3925913 1.9089512 2.0488871 2.9889937 2.6436651 4.4097145 5.3244060 5.5169696 3.3381660 3.1935753 3.2050392 3.5211279 3.5211279 3.1834742 3.1834742 3.4041825 3.4041825 2.7704371 2.3997805 2.3474733 2.3167586 2.4811607 2.8800400 2.5450931 2.7958500 2.4766512 2.6239936 4.7239076 
DRD2|Mus_musculus|ENSMUST00000075764.8       2.2339018 2.1606439 2.1318385 2.2284210 2.1373076 0.0445505 0.0000000 0.0021909 0.2473534 0.3034076 2.9616126 2.1080599 2.3726531 2.9145909 2.2458994 2.3397723 2.8637151 2.0685558 2.4922620 2.6485875 2.4993113 2.6587824 2.4099265 1.9285459 2.0598206 3.0104848 2.6325138 4.5334545 5.3304064 5.5036573 3.3636729 3.1147891 3.1260016 3.5027720 3.5027720 3.2175135 3.2175135 3.4165111 3.4165111 2.7975034 2.4119074 2.2851654 2.3298194 2.4416983 2.8474523 2.5650200 2.8209758 2.5252262 2.5896048 4.6044983 
DRD2|Rattus_norvegicus|ENSRNOT00000045944.7  2.2312721 2.1580182 2.1292246 2.2257703 2.1346850 0.0420611 0.0021909 0.0000000 0.2473534 0.3034076 2.9533518 2.1029620 2.3726531 2.9085865 2.2458994 2.3348439 2.8555667 2.0868001 2.4752970 2.6370324 2.4822764 2.6473366 2.3852471 1.9219033 2.0516323 3.0009269 2.6182885 4.5198372 5.3247713 5.5036573 3.3541835 3.1052670 3.1164689 3.4948295 3.4948295 3.2129508 3.2129508 3.4086487 3.4086487 2.7810006 2.4001350 2.2785564 2.3194875 2.4337160 2.8393290 2.5621366 2.8209758 2.5086355 2.5821579 4.5860751 
DRD2|Gallus_gallus|ENSGALT00010060881.1      2.3232988 2.3604182 2.3231900 2.4204001 2.2929395 0.2403296 0.2473534 0.2473534 0.0000000 0.2620123 2.9256581 2.1277189 2.4146007 2.7874225 2.3427789 2.2893259 2.9303999 2.0760646 2.5403747 2.5878044 2.5512544 2.6354552 2.4617206 2.0502146 2.1386686 3.1158145 2.7088722 4.4722804 5.3574121 5.8374898 3.3109217 3.1627524 3.1812967 3.7721915 3.7721915 3.2026251 3.2026251 3.4257433 3.4257433 2.7724770 2.4519740 2.4676844 2.5016638 2.3545981 2.8020864 2.6100297 2.6774892 2.4460169 2.7007150 4.8398745 
DRD2|Xenopus_tropicalis|ENSXETT00000025512.5 2.0680000 2.0675114 2.1073921 2.0670587 2.0418031 0.2952725 0.3034076 0.3034076 0.2620123 0.0000000 2.7431194 1.9599427 2.3212574 2.6426799 2.1735684 2.1810430 2.6263344 1.8832071 2.4100726 2.5060028 2.4158292 2.4949530 2.5086159 1.8472923 1.9889524 2.9955767 2.6828214 3.8096859 4.9848515 5.3730722 3.2420967 3.0186330 3.0297308 3.6710927 3.6710927 3.2294947 3.2294947 3.2882147 3.2882147 2.5977733 2.3300196 2.5440344 2.3236945 2.1971277 2.7404015 2.5677204 2.7169190 2.4450298 2.6375440 4.4668825 
DopR1|Drosophila_melanogaster|NM_001316525.1 2.1597661 2.2838909 2.2577190 2.3882596 2.2183767 3.0770944 2.9616126 2.9533518 2.9256581 2.7431194 0.0000000 2.8324057 0.6591686 4.4008656 0.5023288 2.8768434 0.3925955 2.6462781 0.6223040 3.2482634 0.6414189 3.1943884 3.5319096 1.7256420 1.4425602 2.8618074 3.1840366 5.0369416 5.0551584 5.0173961 3.8668391 3.4682929 3.4744880 3.6072460 3.6072460 3.3372345 3.3372345 3.6542471 3.6542471 2.7916892 2.8761072 3.9436621 2.9064725 3.4326652 3.0787368 2.9060157 2.8273374 2.9149966 3.4945793 3.3516984 
DopR2|Drosophila_melanogaster|NM_001031909.2 2.8108522 2.6302233 2.5654825 2.6905077 2.6460957 2.1827965 2.1080599 2.1029620 2.1277189 1.9599427 2.8324057 0.0000000 2.6353994 1.4313677 2.5594211 0.5589059 3.0512640 0.5320723 2.8182390 2.9493133 2.7848183 2.9445965 2.9278868 2.4026654 2.9934849 3.1709671 3.0274902 3.7872360 5.1933871 4.5645157 3.0911321 2.9476446 2.9703713 3.6255001 3.6255001 2.6537829 2.6537829 3.3796803 3.3796803 2.8158191 2.5597855 2.8648360 2.6308569 2.7952490 3.1470275 2.9027243 3.2645942 2.6514447 3.5368867 3.6634696 
DopR1|Apis_mellifera|XM_026445263.1          2.0813648 2.1923549 2.2063214 2.2006180 2.0901891 2.4020151 2.3726531 2.3726531 2.4146007 2.3212574 0.6591686 2.6353994 0.0000000 4.9265882 0.6283756 2.7119644 0.5909313 2.5926357 0.5827670 2.8437635 0.5789454 2.8226866 2.9188151 1.5373985 1.1688324 3.2397101 3.2588645 5.3387782 5.4204487 5.3795040 4.5044881 3.7321623 3.7321623 3.3390158 3.3390158 3.4318332 3.4318332 4.0036197 4.0036197 2.8615525 2.7569929 3.7983770 3.2006297 3.5498678 2.6969537 3.0950119 2.6010791 3.3196243 3.4266874 3.5481429 
DopR2|Apis_mellifera|XM_006561507.3          3.6036418 3.4643270 3.4724391 3.8197561 3.6607958 2.8759585 2.9145909 2.9085865 2.7874225 2.6426799 4.4008656 1.4313677 4.9265882 0.0000000 3.9299235 1.0715950 4.1877048 1.4621422 4.0515736 3.8995824 4.1152521 3.9045395 4.2472408 3.9310961 4.1583075 4.2663995 4.7053800 5.6964182 7.1084598 6.1227087 5.2880031 4.2030350 4.2717430 4.8154531 4.8154531 3.8996537 3.8996537 4.7847428 4.7847428 3.5448741 3.6646252 3.5773147 3.4451185 3.7477624 4.2831915 4.0803422 4.4139418 4.4976711 4.5527262 4.9115873 
DopR1|Tribolium_castaneum|XM_015983151.2     1.9071393 1.9855331 1.9841876 1.8941261 1.8997039 2.3053910 2.2458994 2.2458994 2.3427789 2.1735684 0.5023288 2.5594211 0.6283756 3.9299235 0.0000000 2.5609155 0.4426533 2.4643912 0.4267805 2.8621609 0.4207649 2.8622038 2.8725316 1.3135209 1.1390286 2.9346134 2.8772318 4.4992607 5.0476214 4.9948161 3.3725274 3.0441350 3.0441350 3.0047753 3.0047753 3.3024567 3.3024567 3.3149545 3.3149545 2.6527926 2.9277836 3.5399055 2.7013318 3.0055863 2.5704157 2.9847811 2.6978948 3.1420414 3.0571523 3.0536082 
DopR2|Tribolium_castaneum|XM_015978814.2     2.7888603 2.6363218 2.6116801 2.6829693 2.6363465 2.3989289 2.3397723 2.3348439 2.2893259 2.1810430 2.8768434 0.5589059 2.7119644 1.0715950 2.5609155 0.0000000 2.9178545 0.5036972 2.7078358 2.7429352 2.6967772 2.8274764 2.7078084 2.3202649 2.8382683 2.9352332 3.1984049 3.8114045 4.8617399 4.1877984 3.2459494 2.8468015 2.8689247 3.7022690 3.7022690 2.7482485 2.7482485 3.2641097 3.2641097 2.9258819 2.3218914 2.8900084 2.7634576 3.0514269 3.3562946 2.9103820 3.2611097 3.2120952 3.2745656 3.6159530 
DopR1|Aedes_aegypti|NM_001358923.1           2.1346769 2.3529931 2.3484553 2.1356744 2.0338554 2.9676200 2.8637151 2.8555667 2.9303999 2.6263344 0.3925955 3.0512640 0.5909313 4.1877048 0.4426533 2.9178545 0.0000000 2.7140764 0.5667907 3.2096374 0.5793889 3.1545689 3.2849647 1.7855340 1.3219932 3.1344916 3.3707042 4.8385136 5.6298660 4.9360520 4.1981197 3.2716518 3.2831499 3.2363265 3.2363265 3.2892119 3.2892119 3.6981829 3.6981829 2.7166427 3.1910357 3.4581174 3.1500567 3.5096056 3.0168166 2.8252840 2.8422333 3.2944306 3.6388108 3.3438925 
DopR2|Aedes_aegypti|NM_001358925.1           2.7568757 2.6653075 2.6627614 2.5356076 2.5025419 2.1654119 2.0685558 2.0868001 2.0760646 1.8832071 2.6462781 0.5320723 2.5926357 1.4621422 2.4643912 0.5036972 2.7140764 0.0000000 2.4991461 2.9225705 2.5036294 2.9080160 3.0640688 2.3273818 2.7639643 2.8071997 3.1475096 3.7732693 4.9251825 4.5682314 3.2413487 2.9841087 3.0045591 3.4987562 3.4987562 2.6528242 2.6528242 3.4698050 3.4698050 2.8172046 2.6372224 2.9982653 2.7430846 2.8610952 3.0024465 2.8217150 3.4957473 2.9190831 3.2451150 3.8898134 
DopR1|Manduca_sexta|XM_030168745.2           2.1374603 2.1315207 2.1231049 2.1654626 2.2639720 2.5829034 2.4922620 2.4752970 2.5403747 2.4100726 0.6223040 2.8182390 0.5827670 4.0515736 0.4267805 2.7078358 0.5667907 2.4991461 0.0000000 2.8064179 0.0426249 2.7533135 2.8137788 1.4590148 1.3058876 2.8043779 3.1012956 4.5104560 4.9754188 4.6305721 3.4415386 3.1954092 3.1954092 3.1538759 3.1538759 3.2468779 3.2468779 3.2696357 3.2696357 2.4806012 2.9400619 3.5203914 3.0149816 3.4888063 2.5076488 2.8832271 2.6789319 2.9503599 3.0704967 3.2115452 
DopR2|Manduca_sexta|XM_037445812.1           2.3467566 2.1836641 2.1815278 2.1963671 2.1653086 2.5861007 2.6485875 2.6370324 2.5878044 2.5060028 3.2482634 2.9493133 2.8437635 3.8995824 2.8621609 2.7429352 3.2096374 2.9225705 2.8064179 0.0000000 2.9091980 0.0409423 1.6205119 2.4995354 2.7256083 3.3724782 3.0636635 4.9194747 4.4305418 4.1443286 3.5091255 3.2977269 3.3434046 3.9273819 3.9273819 3.1227916 3.1227916 3.9824802 3.9824802 2.7769234 2.6721358 3.6501242 2.4381844 3.1000851 3.1738812 2.7009517 3.0030413 2.8325342 3.0148502 3.8838783 
DopR1|Bombyx_mori|NM_001114987.1             2.1762882 2.1314800 2.1230765 2.1641962 2.2769249 2.5904046 2.4993113 2.4822764 2.5512544 2.4158292 0.6414189 2.7848183 0.5789454 4.1152521 0.4207649 2.6967772 0.5793889 2.5036294 0.0426249 2.9091980 0.0000000 2.8113761 2.8216451 1.4873750 1.3002300 2.7252795 3.0737012 4.6142219 4.8137689 4.6370900 3.4549966 3.2651636 3.2651636 3.1060295 3.1060295 3.2844900 3.2844900 3.3146710 3.3146710 2.4820559 3.0106738 3.5234241 3.0536418 3.5440551 2.4915874 2.9305490 2.6511576 2.9450266 3.1329036 3.1732122 
DopR2|Bombyx_mori|XM_062669252.1             2.3676461 2.2056930 2.2011489 2.2304491 2.1820788 2.5792464 2.6587824 2.6473366 2.6354552 2.4949530 3.1943884 2.9445965 2.8226866 3.9045395 2.8622038 2.8274764 3.1545689 2.9080160 2.7533135 0.0409423 2.8113761 0.0000000 1.6748176 2.5838322 2.7882427 3.3099679 3.1126587 4.8395992 4.4829234 4.1288491 3.4845969 3.3164717 3.3623626 3.8908723 3.8908723 3.1017696 3.1017696 3.9257072 3.9257072 2.7367699 2.6072306 3.4961016 2.4460889 3.0916378 3.1863257 2.7098197 2.9549509 2.8750596 3.0155532 3.9901512 
DopR_2|Aplysia_californica|XM_005099942.3    2.5928150 2.6499017 2.6433690 2.4989853 2.5363057 2.3925913 2.4099265 2.3852471 2.4617206 2.5086159 3.5319096 2.9278868 2.9188151 4.2472408 2.8725316 2.7078084 3.2849647 3.0640688 2.8137788 1.6205119 2.8216451 1.6748176 0.0000000 2.5760814 2.5107734 3.3881864 2.9439580 4.8822644 4.8037318 5.1113266 3.7728693 3.4192494 3.4263731 3.2047421 3.2047421 3.1513173 3.1513173 3.9249471 3.9249471 3.0226535 2.4567842 3.4189618 2.5878035 3.0816408 2.6880754 2.7614573 3.3388936 2.8257830 2.7994842 3.8778545 
DopR_3|Crassostrea_gigas|XM_011436579.4      2.2431358 2.2190298 2.1989487 2.1761774 2.2762930 1.9089512 1.9285459 1.9219033 2.0502146 1.8472923 1.7256420 2.4026654 1.5373985 3.9310961 1.3135209 2.3202649 1.7855340 2.3273818 1.4590148 2.4995354 1.4873750 2.5838322 2.5760814 0.0000000 1.1841780 2.6498754 3.3622695 4.0630425 4.0720223 4.3595886 3.3967148 2.9029906 2.9080814 2.9024315 2.9024315 3.1440348 3.1440348 2.9176013 2.9176013 2.3106788 2.3553178 3.8999602 2.2120840 2.6938118 2.8280365 2.5133661 2.9237718 2.6650981 2.8114298 2.9856932 
DopR_1|Octopus_bimaculoides|XM_014919809.2   1.8804791 1.9558174 1.9069938 1.8106279 1.8581306 2.0488871 2.0598206 2.0516323 2.1386686 1.9889524 1.4425602 2.9934849 1.1688324 4.1583075 1.1390286 2.8382683 1.3219932 2.7639643 1.3058876 2.7256083 1.3002300 2.7882427 2.5107734 1.1841780 0.0000000 2.8599402 2.9708746 3.8671698 4.7380926 4.2897482 3.0905123 2.8891975 2.9134551 2.8344158 2.8344158 2.8647069 2.8647069 2.9441557 2.9441557 2.1667702 2.4202254 3.6424269 2.4218731 3.1314192 2.9314510 2.2546177 2.8938786 2.4574309 2.5758220 2.9306942 
Adig_XP_015780793.1|Adig|                    2.7486924 2.6748466 2.6789354 2.8491176 2.8599571 2.9889937 3.0104848 3.0009269 3.1158145 2.9955767 2.8618074 3.1709671 3.2397101 4.2663995 2.9346134 2.9352332 3.1344916 2.8071997 2.8043779 3.3724782 2.7252795 3.3099679 3.3881864 2.6498754 2.8599402 0.0000000 3.2914036 3.8875117 4.1168131 4.8810699 3.0694877 2.6861995 2.7083287 1.2645168 1.2645168 2.9329141 2.9329141 3.3199949 3.3199949 3.0317336 2.8400341 3.8138868 2.6420336 3.1340697 3.7466341 3.5379237 3.7120234 3.4478243 3.0180415 3.2723165 
Adig_XP_015752479.1|Adig|                    2.7616228 2.7121084 2.7358652 2.7301960 2.6082047 2.6436651 2.6325138 2.6182885 2.7088722 2.6828214 3.1840366 3.0274902 3.2588645 4.7053800 2.8772318 3.1984049 3.3707042 3.1475096 3.1012956 3.0636635 3.0737012 3.1126587 2.9439580 3.3622695 2.9708746 3.2914036 0.0000000 4.9885291 5.1774917 6.2878995 3.1645536 2.9045485 2.9287646 4.4537628 4.4537628 2.4206910 2.4206910 3.0279652 3.0279652 2.8783888 2.9498403 3.9378938 3.2108981 3.9634833 3.4864017 4.0247191 3.8053005 3.0798928 3.5622924 3.8412517 
Hvul_XP_012562393.2|Hvul|                    4.2635607 4.2327272 4.2382454 4.4114697 4.3942953 4.4097145 4.5334545 4.5198372 4.4722804 3.8096859 5.0369416 3.7872360 5.3387782 5.6964182 4.4992607 3.8114045 4.8385136 3.7732693 4.5104560 4.9194747 4.6142219 4.8395992 4.8822644 4.0630425 3.8671698 3.8875117 4.9885291 0.0000000 5.1761095 5.7980991 4.3007963 4.7078258 4.7421152 3.7254997 3.7254997 3.9973792 3.9973792 5.1590505 5.1590505 4.6213075 4.8552481 5.2598197 4.7861194 5.4368469 5.2539527 4.7147081 5.6185086 4.3550094 4.4570846 4.9719565 
Hvul_XP_012562068.2|Hvul|                    4.3012225 3.9508396 3.9429723 4.0718065 4.2210004 5.3244060 5.3304064 5.3247713 5.3574121 4.9848515 5.0551584 5.1933871 5.4204487 7.1084598 5.0476214 4.8617399 5.6298660 4.9251825 4.9754188 4.4305418 4.8137689 4.4829234 4.8037318 4.0720223 4.7380926 4.1168131 5.1774917 5.1761095 0.0000000 7.9908268 5.9794695 4.9502300 4.9680246 4.3659435 4.3659435 4.5503420 4.5503420 5.1190188 5.1190188 5.0111047 4.6823803 4.8715803 4.9963826 5.7882964 5.1766213 4.9760517 5.1302485 5.5809739 5.1374206 4.4877535 
Hvul_XP_047135732.1|Hvul|                    4.3183216 4.2471598 4.2597691 4.2604832 4.2559162 5.5169696 5.5036573 5.5036573 5.8374898 5.3730722 5.0173961 4.5645157 5.3795040 6.1227087 4.9948161 4.1877984 4.9360520 4.5682314 4.6305721 4.1443286 4.6370900 4.1288491 5.1113266 4.3595886 4.2897482 4.8810699 6.2878995 5.7980991 7.9908268 0.0000000 4.5991927 5.3164947 5.3164947 4.8561440 4.8561440 4.3983764 4.3983764 5.2642522 5.2642522 4.9647704 5.3038899 4.7308776 3.9613088 4.4754925 4.8107754 4.7067423 5.0171919 5.2906381 4.2317840 5.1147099 
Nvec_XP_032231228.1|Nvec|                    2.7464780 2.8693561 2.8313873 2.6863326 2.7726008 3.3381660 3.3636729 3.3541835 3.3109217 3.2420967 3.8668391 3.0911321 4.5044881 5.2880031 3.3725274 3.2459494 4.1981197 3.2413487 3.4415386 3.5091255 3.4549966 3.4845969 3.7728693 3.3967148 3.0905123 3.0694877 3.1645536 4.3007963 5.9794695 4.5991927 0.0000000 0.7359747 0.7377595 3.0054407 3.0054407 2.9839709 2.9839709 1.9394169 1.9394169 3.3944166 3.1039968 4.1527239 3.7536460 3.7920526 3.7081202 3.3696030 3.9035399 3.5336603 3.6425438 3.7582336 
Nvec_XP_032238106.1|Nvec|                    2.6403148 2.6327187 2.6522601 2.7516297 2.6193920 3.1935753 3.1147891 3.1052670 3.1627524 3.0186330 3.4682929 2.9476446 3.7321623 4.2030350 3.0441350 2.8468015 3.2716518 2.9841087 3.1954092 3.2977269 3.2651636 3.3164717 3.4192494 2.9029906 2.8891975 2.6861995 2.9045485 4.7078258 4.9502300 5.3164947 0.7359747 0.0000000 0.0028092 3.5375657 3.5375657 2.8420303 2.8420303 1.7161984 1.7161984 3.3428280 3.2068090 3.6674309 3.6079814 3.6544210 3.5724192 3.0318718 3.6218686 3.1931702 3.4973265 4.0515400 
Nvec_XP_001620703.1|Nvec|                    2.6590781 2.6512085 2.6630691 2.7566570 2.6294548 3.2050392 3.1260016 3.1164689 3.1812967 3.0297308 3.4744880 2.9703713 3.7321623 4.2717430 3.0441350 2.8689247 3.2831499 3.0045591 3.1954092 3.3434046 3.2651636 3.3623626 3.4263731 2.9080814 2.9134551 2.7083287 2.9287646 4.7421152 4.9680246 5.3164947 0.7377595 0.0028092 0.0000000 3.4929147 3.4929147 2.8631139 2.8631139 1.6993594 1.6993594 3.3428280 3.2068090 3.6956207 3.6079814 3.6544210 3.5870414 3.0398415 3.6218686 3.2185198 3.5465937 4.0657107 
Nvec_XP_032223364.1|Nvec|                    2.7593004 2.7568297 2.7251275 2.6728833 2.6376374 3.5211279 3.5027720 3.4948295 3.7721915 3.6710927 3.6072460 3.6255001 3.3390158 4.8154531 3.0047753 3.7022690 3.2363265 3.4987562 3.1538759 3.9273819 3.1060295 3.8908723 3.2047421 2.9024315 2.8344158 1.2645168 4.4537628 3.7254997 4.3659435 4.8561440 3.0054407 3.5375657 3.4929147 0.0000000 0.0000010 3.2450795 3.2450795 3.5023409 3.5023409 3.3740252 3.7356617 4.1914715 2.9059050 3.5557715 3.7801665 3.4085733 3.5190255 3.3478287 3.3711511 3.6079667 
Nvec_XP_032223363.1|Nvec|                    2.7593004 2.7568297 2.7251275 2.6728833 2.6376374 3.5211279 3.5027720 3.4948295 3.7721915 3.6710927 3.6072460 3.6255001 3.3390158 4.8154531 3.0047753 3.7022690 3.2363265 3.4987562 3.1538759 3.9273819 3.1060295 3.8908723 3.2047421 2.9024315 2.8344158 1.2645168 4.4537628 3.7254997 4.3659435 4.8561440 3.0054407 3.5375657 3.4929147 0.0000010 0.0000000 3.2450795 3.2450795 3.5023409 3.5023409 3.3740252 3.7356617 4.1914715 2.9059050 3.5557715 3.7801665 3.4085733 3.5190255 3.3478287 3.3711511 3.6079667 
Nvec_XP_032231005.1|Nvec|                    2.4652129 2.5728748 2.5975380 2.5089720 2.5706031 3.1834742 3.2175135 3.2129508 3.2026251 3.2294947 3.3372345 2.6537829 3.4318332 3.8996537 3.3024567 2.7482485 3.2892119 2.6528242 3.2468779 3.1227916 3.2844900 3.1017696 3.1513173 3.1440348 2.8647069 2.9329141 2.4206910 3.9973792 4.5503420 4.3983764 2.9839709 2.8420303 2.8631139 3.2450795 3.2450795 0.0000000 0.0000010 2.9494451 2.9494451 2.4649719 2.9061048 4.1556476 3.1938752 4.1530295 3.2043399 3.1761247 3.5798893 3.4785932 3.2299847 3.7948797 
Nvec_XP_032231004.1|Nvec|                    2.4652129 2.5728748 2.5975380 2.5089720 2.5706031 3.1834742 3.2175135 3.2129508 3.2026251 3.2294947 3.3372345 2.6537829 3.4318332 3.8996537 3.3024567 2.7482485 3.2892119 2.6528242 3.2468779 3.1227916 3.2844900 3.1017696 3.1513173 3.1440348 2.8647069 2.9329141 2.4206910 3.9973792 4.5503420 4.3983764 2.9839709 2.8420303 2.8631139 3.2450795 3.2450795 0.0000010 0.0000000 2.9494451 2.9494451 2.4649719 2.9061048 4.1556476 3.1938752 4.1530295 3.2043399 3.1761247 3.5798893 3.4785932 3.2299847 3.7948797 
Nvec_XP_032220261.1|Nvec|                    2.8536670 2.8403931 2.8416281 2.9242430 2.8966321 3.4041825 3.4165111 3.4086487 3.4257433 3.2882147 3.6542471 3.3796803 4.0036197 4.7847428 3.3149545 3.2641097 3.6981829 3.4698050 3.2696357 3.9824802 3.3146710 3.9257072 3.9249471 2.9176013 2.9441557 3.3199949 3.0279652 5.1590505 5.1190188 5.2642522 1.9394169 1.7161984 1.6993594 3.5023409 3.5023409 2.9494451 2.9494451 0.0000000 0.0000010 3.7403367 3.4710537 4.3488175 3.2263189 4.0011667 4.1109991 3.4936297 3.6925540 3.7690827 3.8610229 4.4338936 
Nvec_XP_032220260.1|Nvec|                    2.8536670 2.8403931 2.8416281 2.9242430 2.8966321 3.4041825 3.4165111 3.4086487 3.4257433 3.2882147 3.6542471 3.3796803 4.0036197 4.7847428 3.3149545 3.2641097 3.6981829 3.4698050 3.2696357 3.9824802 3.3146710 3.9257072 3.9249471 2.9176013 2.9441557 3.3199949 3.0279652 5.1590505 5.1190188 5.2642522 1.9394169 1.7161984 1.6993594 3.5023409 3.5023409 2.9494451 2.9494451 0.0000010 0.0000000 3.7403367 3.4710537 4.3488175 3.2263189 4.0011667 4.1109991 3.4936297 3.6925540 3.7690827 3.8610229 4.4338936 
HUMAN_HTR1A|P08908|5-hydroxytryptamine       1.9952153 1.9986599 1.9825321 2.0118694 1.9612486 2.7704371 2.7975034 2.7810006 2.7724770 2.5977733 2.7916892 2.8158191 2.8615525 3.5448741 2.6527926 2.9258819 2.7166427 2.8172046 2.4806012 2.7769234 2.4820559 2.7367699 3.0226535 2.3106788 2.1667702 3.0317336 2.8783888 4.6213075 5.0111047 4.9647704 3.3944166 3.3428280 3.3428280 3.3740252 3.3740252 2.4649719 2.4649719 3.7403367 3.7403367 0.0000000 1.5446612 3.0810959 2.2939821 2.3657575 2.7682395 2.6145039 2.7609246 2.2410034 2.9837380 3.5310991 
HUMAN_HTR1B|P28222|5-hydroxytryptamine       2.1423880 2.1795841 2.1754616 2.2958830 2.2825359 2.3997805 2.4119074 2.4001350 2.4519740 2.3300196 2.8761072 2.5597855 2.7569929 3.6646252 2.9277836 2.3218914 3.1910357 2.6372224 2.9400619 2.6721358 3.0106738 2.6072306 2.4567842 2.3553178 2.4202254 2.8400341 2.9498403 4.8552481 4.6823803 5.3038899 3.1039968 3.2068090 3.2068090 3.7356617 3.7356617 2.9061048 2.9061048 3.4710537 3.4710537 1.5446612 0.0000000 3.3728292 2.6725581 2.2722890 2.6609168 2.5505418 2.6693543 2.3991281 3.0229366 2.9899241 
HUMAN_HTR2A|P28223|5-hydroxytryptamine       3.0168154 2.9820874 2.9646528 3.2409158 3.0965227 2.3474733 2.2851654 2.2785564 2.4676844 2.5440344 3.9436621 2.8648360 3.7983770 3.5773147 3.5399055 2.8900084 3.4581174 2.9982653 3.5203914 3.6501242 3.5234241 3.4961016 3.4189618 3.8999602 3.6424269 3.8138868 3.9378938 5.2598197 4.8715803 4.7308776 4.1527239 3.6674309 3.6956207 4.1914715 4.1914715 4.1556476 4.1556476 4.3488175 4.3488175 3.0810959 3.3728292 0.0000000 3.3136531 3.8815281 3.8041651 3.8176177 3.7464047 3.8835434 3.8631512 3.8328615 
HUMAN_HTR4|Q13639|5-hydroxytryptamine        2.4626190 2.5513450 2.5137512 2.3035525 2.3053684 2.3167586 2.3298194 2.3194875 2.5016638 2.3236945 2.9064725 2.6308569 3.2006297 3.4451185 2.7013318 2.7634576 3.1500567 2.7430846 3.0149816 2.4381844 3.0536418 2.4460889 2.5878035 2.2120840 2.4218731 2.6420336 3.2108981 4.7861194 4.9963826 3.9613088 3.7536460 3.6079814 3.6079814 2.9059050 2.9059050 3.1938752 3.1938752 3.2263189 3.2263189 2.2939821 2.6725581 3.3136531 0.0000000 2.7386117 2.7783843 2.6594096 3.0743789 3.2086922 2.5126320 2.9200735 
HUMAN_HTR7|P34969|5-hydroxytryptamine        2.7580020 2.8129778 2.8267384 2.7456398 2.7966802 2.4811607 2.4416983 2.4337160 2.3545981 2.1971277 3.4326652 2.7952490 3.5498678 3.7477624 3.0055863 3.0514269 3.5096056 2.8610952 3.4888063 3.1000851 3.5440551 3.0916378 3.0816408 2.6938118 3.1314192 3.1340697 3.9634833 5.4368469 5.7882964 4.4754925 3.7920526 3.6544210 3.6544210 3.5557715 3.5557715 4.1530295 4.1530295 4.0011667 4.0011667 2.3657575 2.2722890 3.8815281 2.7386117 0.0000000 3.4967532 3.6742866 3.3773905 3.1061684 3.3042904 3.3381581 
HUMAN_ADRB1|P08588|Beta-1                    2.6318421 2.6487141 2.5789522 2.6413643 2.7263160 2.8800400 2.8474523 2.8393290 2.8020864 2.7404015 3.0787368 3.1470275 2.6969537 4.2831915 2.5704157 3.3562946 3.0168166 3.0024465 2.5076488 3.1738812 2.4915874 3.1863257 2.6880754 2.8280365 2.9314510 3.7466341 3.4864017 5.2539527 5.1766213 4.8107754 3.7081202 3.5724192 3.5870414 3.7801665 3.7801665 3.2043399 3.2043399 4.1109991 4.1109991 2.7682395 2.6609168 3.8041651 2.7783843 3.4967532 0.0000000 1.1560282 1.2270980 3.1027185 2.9581199 3.5854042 
HUMAN_ADRB2|P07550|Beta-2                    2.5913857 2.7046443 2.6965363 2.5394531 2.5703544 2.5450931 2.5650200 2.5621366 2.6100297 2.5677204 2.9060157 2.9027243 3.0950119 4.0803422 2.9847811 2.9103820 2.8252840 2.8217150 2.8832271 2.7009517 2.9305490 2.7098197 2.7614573 2.5133661 2.2546177 3.5379237 4.0247191 4.7147081 4.9760517 4.7067423 3.3696030 3.0318718 3.0398415 3.4085733 3.4085733 3.1761247 3.1761247 3.4936297 3.4936297 2.6145039 2.5505418 3.8176177 2.6594096 3.6742866 1.1560282 0.0000000 1.5552441 3.3129514 2.8740526 3.1353363 
HUMAN_ADRB3|P13945|Beta-3                    2.7412837 2.9013093 2.8665664 2.7835329 2.8492120 2.7958500 2.8209758 2.8209758 2.6774892 2.7169190 2.8273374 3.2645942 2.6010791 4.4139418 2.6978948 3.2611097 2.8422333 3.4957473 2.6789319 3.0030413 2.6511576 2.9549509 3.3388936 2.9237718 2.8938786 3.7120234 3.8053005 5.6185086 5.1302485 5.0171919 3.9035399 3.6218686 3.6218686 3.5190255 3.5190255 3.5798893 3.5798893 3.6925540 3.6925540 2.7609246 2.6693543 3.7464047 3.0743789 3.3773905 1.2270980 1.5552441 0.0000000 2.6974510 2.9078731 3.8509374 
HUMAN_ADRA1A|P35348|Alpha-1A                 2.7502897 2.7887821 2.7357074 2.8242111 2.7159873 2.4766512 2.5252262 2.5086355 2.4460169 2.4450298 2.9149966 2.6514447 3.3196243 4.4976711 3.1420414 3.2120952 3.2944306 2.9190831 2.9503599 2.8325342 2.9450266 2.8750596 2.8257830 2.6650981 2.4574309 3.4478243 3.0798928 4.3550094 5.5809739 5.2906381 3.5336603 3.1931702 3.2185198 3.3478287 3.3478287 3.4785932 3.4785932 3.7690827 3.7690827 2.2410034 2.3991281 3.8835434 3.2086922 3.1061684 3.1027185 3.3129514 2.6974510 0.0000000 3.4286601 3.0856363 
DMEL_OCTB2R|Q4LBB9|Octopamine                2.4747501 2.5368411 2.5320020 2.4888458 2.4758127 2.6239936 2.5896048 2.5821579 2.7007150 2.6375440 3.4945793 3.5368867 3.4266874 4.5527262 3.0571523 3.2745656 3.6388108 3.2451150 3.0704967 3.0148502 3.1329036 3.0155532 2.7994842 2.8114298 2.5758220 3.0180415 3.5622924 4.4570846 5.1374206 4.2317840 3.6425438 3.4973265 3.5465937 3.3711511 3.3711511 3.2299847 3.2299847 3.8610229 3.8610229 2.9837380 3.0229366 3.8631512 2.5126320 3.3042904 2.9581199 2.8740526 2.9078731 3.4286601 0.0000000 3.7496938 
HUMAN_HRH1|P35367|histamine_H1_receptor      3.3274009 3.2991940 3.2666280 3.2328060 3.2881609 4.7239076 4.6044983 4.5860751 4.8398745 4.4668825 3.3516984 3.6634696 3.5481429 4.9115873 3.0536082 3.6159530 3.3438925 3.8898134 3.2115452 3.8838783 3.1732122 3.9901512 3.8778545 2.9856932 2.9306942 3.2723165 3.8412517 4.9719565 4.4877535 5.1147099 3.7582336 4.0515400 4.0657107 3.6079667 3.6079667 3.7948797 3.7948797 4.4338936 4.4338936 3.5310991 2.9899241 3.8328615 2.9200735 3.3381581 3.5854042 3.1353363 3.8509374 3.0856363 3.7496938 0.0000000 
