74
XM_015923228.1__MollCnid_DopR_1_candidate__Acropora_digitifera    0.0000000 4.0255034 3.7649347 3.5868503 2.8884742 3.3618071 3.8962655 4.5945520 3.4080734 6.6879308 6.3393239 3.4456402 3.4072619 4.0436940 3.8057017 3.5129305 6.1793729 3.1379276 3.5020129 3.4031578 2.9418476 3.5332283 3.8892663 8.7915383 7.5909608 3.8127104 5.7113953 3.0045964 3.2673088 7.0987461 4.5749322 8.0812578 2.9685718 3.2777360 2.9685718 3.2777360 3.5391197 3.5472366 3.2176002 3.9365221 3.2666764 3.6636528 3.5058515 3.2838001 4.6658966 5.5539078 4.5933840 3.3846541 2.9031044 3.4183472 3.4072619 3.0450436 3.1999149 3.1999149 7.7845125 3.9537229 3.2585946 7.4243594 3.6909354 3.2320339 3.2320339 3.8158415 6.4574774 6.4574774 3.0450436 3.1999149 7.8340836 3.1999149 5.3697218 6.2063026 3.3345504 2.6799870 3.0197316 3.1676637 
XM_015919817.1__MollCnid_DopR_2_candidate__Acropora_digitifera    4.0255034 0.0000000 2.9714145 2.9421674 2.5027056 2.9220752 3.8506422 3.6754436 2.5996407 7.6847946 6.7825654 2.7878618 2.4825873 3.4101141 3.6412443 3.0462055 5.9032444 2.6557667 2.7067033 2.9690989 2.5144434 2.9059404 3.4341916 6.6291380 5.9798377 2.8570967 5.1316107 2.6981193 2.7611234 4.6979125 3.7035432 7.7523249 2.5743250 2.6314167 2.5743250 2.6314167 2.4431338 3.1094860 2.5543030 2.5850966 3.5490918 2.7746073 3.2879235 2.4366469 4.5449620 6.2970319 4.1805108 2.6897564 2.8360427 2.8388958 2.4919414 2.5873639 2.5724692 2.5724692 7.1723038 2.6073062 3.5258614 6.4857529 3.3380418 2.8728437 2.8728437 2.8324787 5.3218961 5.3218961 2.6143119 2.5724692 6.4525251 2.5724692 5.6820260 5.5311395 2.9200377 2.6630351 2.6372028 2.6441539 
XM_015918009.1__MollCnid_DopR_3_candidate__Acropora_digitifera    3.7649347 2.9714145 0.0000000 2.5602636 2.0672730 2.5827793 3.0013259 2.9539632 2.1938463 6.2000792 4.9226668 2.5142013 2.0800722 2.6370813 2.4971488 2.2046375 5.7636265 2.0876709 2.5198792 2.5150018 2.1297634 1.9635493 3.1893645 7.8080429 6.4475018 2.2355244 5.2003942 1.9879895 1.9918306 5.3036422 3.7888710 5.9800765 1.8754580 2.1294629 1.8754580 2.1294629 2.0472320 2.1730416 2.1426583 2.4238844 2.3980367 2.4223462 2.1613199 2.4312625 3.0793502 5.5936862 3.1368503 2.5350866 2.3542775 2.4810936 2.0773275 1.8754069 2.0882674 2.0882674 7.2987114 2.5076717 2.4935225 6.6555819 2.1046988 1.7413046 1.7413046 2.2166887 6.5236690 6.5236690 1.8641946 2.1111381 7.2776395 2.1111381 6.3210214 3.6566031 2.4289418 2.2194786 1.9798866 1.9579614 
NM_001358923.1__DopR1_invert_anchor__Aedes_aegypti                3.5868503 2.9421674 2.5602636 0.0000000 2.1593363 0.4790024 3.0459137 4.2850685 2.4542844 6.8214622 5.3065672 0.4805940 2.4317931 2.7751335 2.4901606 1.4151096 5.3873285 1.9349711 2.6330871 0.3404478 2.2918705 2.2058362 2.9769624 6.7706736 6.1039251 2.6715246 3.8603147 1.8634803 2.0663904 3.9345735 3.8782376 6.7016347 1.8703682 1.9993959 1.8703682 1.9993959 2.0886288 2.1955879 1.8170586 2.4150377 2.6653695 2.5911570 2.6542967 2.2092280 4.4822942 5.2223578 3.6813722 2.5351952 2.4861073 0.4840866 2.4220820 1.9959752 1.9671022 1.9671022 7.1608534 2.3933129 2.6976146 5.5612542 2.6773568 2.7775399 2.7775399 1.1995843 5.3727359 5.3727359 1.9931802 1.9596190 6.3931960 1.9596190 4.4800646 3.8073581 0.3872909 2.2641247 1.7952741 1.8348365 
NM_001358925.1__DopR2_invert_anchor__Aedes_aegypti                2.8884742 2.5027056 2.0672730 2.1593363 0.0000000 1.9372225 1.2204408 3.4128199 2.1982643 6.5619805 6.9207747 2.0101637 2.0409051 2.6542142 2.6697322 1.7341054 5.0625538 1.7339209 2.2613526 2.0652285 0.4936630 2.9281817 3.2190934 6.3645214 5.3774204 2.3446018 3.8603638 2.0368713 1.8471178 3.7655331 3.4119646 5.7408786 2.1279778 1.9653950 2.1279778 1.9653950 1.7568232 1.9072278 1.9449038 2.2620918 1.9981266 2.0638579 2.1813659 1.9953003 3.6507223 4.5417445 3.2684496 2.9321010 2.6086606 2.0221921 2.0481171 2.0455536 1.9144782 1.9144782 5.9127257 2.2847186 2.0535119 5.7572161 2.5387377 2.1193496 2.1193496 2.0409640 5.2698032 5.2698032 2.0179213 1.9144782 6.5173903 1.9144782 4.7116603 3.9125481 1.9235634 0.4527651 2.0154040 1.7139705 
XM_026445263.1__DopR1_invert_anchor__Apis_mellifera               3.3618071 2.9220752 2.5827793 0.4790024 1.9372225 0.0000000 3.3211403 3.6876023 2.2115871 6.2971549 6.2289973 0.4764414 2.1850544 2.5349742 2.4805175 1.1303108 4.3914904 1.7442412 2.2113298 0.5488351 1.9273271 2.2025217 2.6271111 6.2576438 5.4313172 2.4230036 3.2279425 1.8698614 1.8284583 5.0111074 4.0987774 6.7923389 1.8522026 1.7849328 1.8522026 1.7849328 2.0063603 2.0293018 2.0265053 2.1910869 2.2612019 2.2915824 2.3228425 2.2059525 4.7372748 4.7590101 4.2740677 2.5768572 2.4939234 0.4804920 2.2007721 1.9397326 1.7700555 1.7700555 5.9975795 2.1916770 2.3049659 5.3737761 2.9309876 2.5654132 2.5654132 1.0209826 4.5134756 4.5134756 1.9528747 1.7700555 6.0478786 1.7700555 4.1483525 3.7379390 0.5380749 1.9815489 1.7943095 1.7546885 
XM_006561507.3__DopR2_invert_anchor__Apis_mellifera               3.8962655 3.8506422 3.0013259 3.0459137 1.2204408 3.3211403 0.0000000 4.4393628 2.8016348 7.4866850 4.9038964 3.1275949 3.0260830 3.0528396 2.9730105 2.8961652 5.7844171 2.4134906 3.1549223 3.1101897 1.2170352 3.5046768 3.7647529 6.1035217 6.4195864 3.4208767 5.5996509 2.8418603 2.4528329 5.1308004 4.4416023 7.3113311 2.8479603 2.5265197 2.8479603 2.5265197 2.1486946 2.3309151 2.8014926 3.0376609 2.6794879 2.8865765 3.0300612 2.9159262 3.9107164 5.3617450 3.9891737 4.9402517 4.0348188 3.1400272 2.9397802 2.8632843 2.5579221 2.5579221 5.7817374 3.1355782 2.8286706 6.4225677 3.4507860 3.0193641 3.0193641 2.7609710 5.1911469 5.1911469 2.8577404 2.5332721 6.6049921 2.5332721 5.3188011 4.0435495 2.9350633 0.9093567 2.8031752 2.2423223 
XM_013085243.2__MollCnid_DopR_1_candidate__Aplysia_californica    4.5945520 3.6754436 2.9539632 4.2850685 3.4128199 3.6876023 4.4393628 0.0000000 4.3400284 8.1019103 6.0507213 3.8277966 4.2549329 5.3605655 4.5080192 3.5859476 6.8827499 3.0144637 4.7093409 4.2644425 3.3704672 4.8367621 5.6625297 6.7640024 7.6193837 3.5587943 5.9723286 3.7670600 3.3038293 6.2114002 4.0822540 8.2282084 3.8145471 3.0915920 3.8145471 3.0915920 3.2068752 3.3221024 3.7483570 4.3572306 3.6616679 4.2478589 3.8207004 3.0585546 4.1338851 6.3924348 4.6816587 3.7037783 3.7931280 3.8479528 4.2526151 4.1843848 3.2072206 3.2072206 7.4891472 4.4471203 3.6253551 8.4274675 4.2962236 3.6638775 3.6638775 3.6307360 7.2075856 7.2075856 4.1391564 3.2072206 7.4809102 3.2072206 6.0025139 6.0287667 4.0482310 3.1241602 3.8373302 3.0006115 
XM_005099942.3__MollCnid_DopR_2_candidate__Aplysia_californica    3.4080734 2.5996407 2.1938463 2.4542844 2.1982643 2.2115871 2.8016348 4.3400284 0.0000000 6.8556879 5.9662378 2.2823151 1.3865451 3.1353131 2.5548072 1.9193626 5.2320100 1.9647512 2.3682631 2.5022849 2.2296530 2.5304795 3.2820094 6.0956033 6.1455201 2.2989451 4.7195282 1.9203097 1.9692956 3.9206689 3.7930708 6.5397337 1.9050686 1.9470503 1.9050686 1.9470503 2.1922558 2.8164572 2.0532175 2.2633760 2.5876227 1.9375237 1.8750892 1.9406173 3.7201875 5.9030157 3.5130285 2.6225330 2.5052429 2.2564102 1.3351586 1.9708185 1.9695929 1.9695929 6.7462566 2.2662648 2.6558909 5.4997722 2.7652683 2.5531896 2.5531896 1.8384095 4.9229342 4.9229342 1.9926396 1.9492473 7.4205983 1.9492473 4.7838975 4.9430307 2.1652352 2.2431535 1.8774489 1.8511779 
NP_001191623.1__5HT1Ap_Acal__Aplysia_californica                  6.6879308 7.6847946 6.2000792 6.8214622 6.5619805 6.2971549 7.4866850 8.1019103 6.8556879 0.0000000 5.1045917 6.0732574 6.5077320 6.0380965 6.4696438 6.3550166 7.1536071 6.0339657 6.3681970 6.3328551 6.6171244 6.8163594 6.6525063 7.2916893 6.4991014 7.4716425 8.3558079 5.6704590 6.7153524 6.9477052 7.6784255 5.9540332 5.5872783 6.3120044 5.5872783 6.3120044 6.5010223 6.6554596 5.4754788 6.2672216 5.7035619 7.0520763 6.6901866 5.5119676 6.6922338 6.1322969 8.9058102 6.2888906 6.0543883 6.2105403 6.4669349 5.8231235 6.3022979 6.3022979 8.4689927 6.4112376 5.7375088 5.4073249 6.5602509 6.5897221 6.5897221 5.3989026 8.9999988 8.9999988 5.8353421 6.3022979 7.8381579 6.3022979 8.5794326 4.6042343 6.1175138 6.3931375 5.7373292 6.1602743 
NP_001191560.1__5HT2_Acal__Aplysia_californica                    6.3393239 6.7825654 4.9226668 5.3065672 6.9207747 6.2289973 4.9038964 6.0507213 5.9662378 5.1045917 0.0000000 6.1596472 5.2582574 4.8539119 6.4109564 6.6553790 7.5560340 5.5607494 6.4455756 5.8958355 5.8020360 4.1779486 7.2210169 6.7281895 5.0850747 5.3341503 6.0375339 6.1461310 6.2826881 2.7851969 6.7516342 5.7260915 5.8790552 4.8982384 5.8790552 4.8982384 4.8037393 5.3636545 5.7734201 5.8646332 5.0798166 6.6286701 5.6729919 5.3707370 6.4304126 6.3737409 8.6114062 5.2057758 5.1329233 6.1593542 5.2769900 6.5278624 5.2875456 5.2875456 6.0800887 5.3537424 4.9646395 3.6076092 5.0475304 5.6257088 5.6257088 6.8615492 8.9999982 8.9999982 6.5278624 5.2875456 7.1942787 5.2875456 6.5904750 4.1928518 5.6272758 5.6719375 5.9503203 4.6237669 
NM_001114987.1__DopR1_invert_anchor__Bombyx_mori                  3.4456402 2.7878618 2.5142013 0.4805940 2.0101637 0.4764414 3.1275949 3.8277966 2.2823151 6.0732574 6.1596472 0.0000000 2.3994325 2.6380665 2.2835737 1.1387062 4.9303492 1.8415152 2.2400135 0.5202641 2.0072580 2.0827312 2.5447883 6.3718112 5.6044156 2.2823271 3.5668162 1.8459030 1.8780919 3.9979051 3.6012039 5.5215185 1.8908770 1.9284030 1.8908770 1.9284030 2.0175132 2.2250446 2.0699141 2.1217760 2.5097145 2.3951907 2.4637533 2.2409149 4.2970619 5.0061538 3.6357643 2.5796281 2.5932039 0.0423831 2.4002488 1.8959506 1.8521425 1.8521425 6.8913460 2.0347909 2.4907282 5.7176484 2.7391369 2.6576858 2.6576858 1.1647552 4.8549699 4.8549699 1.9013387 1.8521425 6.0067570 1.8521425 4.3859845 3.6418186 0.3723744 2.1358898 1.8998133 1.7639984 
XM_062669252.1__DopR2_invert_anchor__Bombyx_mori                  3.4072619 2.4825873 2.0800722 2.4317931 2.0409051 2.1850544 3.0260830 4.2549329 1.3865451 6.5077320 5.2582574 2.3994325 0.0000000 2.5675696 2.4363615 2.0980925 5.1080168 2.0545046 2.3158430 2.6236804 2.0924337 2.2124514 2.9118644 6.8726941 7.0849145 2.2936846 4.0655373 2.1391626 2.2046437 3.0179349 3.7455199 6.9323436 2.0640896 2.1002806 2.0640896 2.1002806 2.0034102 2.6146738 2.0527768 2.2212814 2.4236079 2.0671226 2.0710133 2.3988274 3.7534501 5.4558684 3.5796512 2.5689814 2.6137846 2.3644329 0.0448473 2.0144694 2.1339939 2.1339939 7.0412343 2.2041953 2.4107764 5.2393213 2.3335795 2.5770944 2.5770944 2.2114105 4.6084032 4.6084032 2.0178623 2.1249512 6.3571438 2.1249512 4.5500252 3.9936483 2.2754373 1.9969998 2.1061664 1.8874940 
XM_011432553.4__MollCnid_DopR_1_candidate__Crassostrea_gigas      4.0436940 3.4101141 2.6370813 2.7751335 2.6542142 2.5349742 3.0528396 5.3605655 3.1353131 6.0380965 4.8539119 2.6380665 2.5675696 0.0000000 2.1730303 2.3248713 6.5276014 2.3917977 2.5985134 2.6162558 2.6969217 3.0829148 2.9508213 6.0374136 6.6169596 2.4132670 4.5887011 2.1785044 2.4875363 4.3402388 4.0148507 7.4276905 2.1497323 2.5256786 2.1497323 2.5256786 2.5093749 2.8860243 2.3562475 2.7588445 1.7134153 2.7497956 2.9613876 2.9241151 4.2927629 6.9623286 3.9279688 3.6736550 2.8273740 2.5756366 2.6293717 2.1733935 2.4895500 2.4895500 7.3070188 2.8412846 1.7053436 6.2377895 3.2489636 2.4269765 2.4269765 2.3589669 5.2829848 5.2829848 2.1849156 2.4851280 6.4681310 2.4851280 5.0274096 5.2167854 2.5536028 2.2974188 2.1435311 2.3806914 
XM_011432554.4__MollCnid_DopR_2_candidate__Crassostrea_gigas      3.8057017 3.6412443 2.4971488 2.4901606 2.6697322 2.4805175 2.9730105 4.5080192 2.5548072 6.4696438 6.4109564 2.2835737 2.4363615 2.1730303 0.0000000 2.1256586 4.9172691 1.8786683 2.2752787 2.3820544 2.5615629 3.0809821 2.1923199 6.5988033 5.8575195 2.6851041 4.2035645 2.1779569 1.8415977 3.8779793 3.2379866 6.8892433 2.1946997 1.8478740 2.1946997 1.8478740 1.9147428 2.7029417 2.2301014 2.3191146 1.6283706 2.5104064 2.7272163 2.6304177 3.6508671 4.8769001 3.9418700 3.1941016 2.4958242 2.2557297 2.4741689 2.2256680 1.7835311 1.7835311 5.9201137 2.2143476 1.6876615 6.0602020 2.7221320 2.6181118 2.6181118 2.1184493 4.7775311 4.7775311 2.2265545 1.7835311 6.0241595 1.7835311 5.2404550 4.3398232 2.3796493 2.5558810 2.1288584 1.7168615 
XM_011436579.4__MollCnid_DopR_3_candidate__Crassostrea_gigas      3.5129305 3.0462055 2.2046375 1.4151096 1.7341054 1.1303108 2.8961652 3.5859476 1.9193626 6.3550166 6.6553790 1.1387062 2.0980925 2.3248713 2.1256586 0.0000000 4.7609409 1.5309980 1.8712314 1.5528628 1.9360593 2.3253124 2.2984291 7.0132169 6.0809240 2.0852317 4.0623860 1.6043574 1.6702496 3.2605954 3.5910662 6.1634474 1.6923160 1.6647215 1.6923160 1.6647215 1.9728454 2.1119298 1.6750368 1.8608276 2.6669818 1.9100065 2.1788495 2.0459820 3.5852061 5.1194892 3.1481590 2.3951273 2.7342147 1.1585640 2.0696060 1.6794115 1.6860797 1.6860797 6.9935447 1.8914648 2.7414930 6.1375989 2.5497413 2.3126369 2.3126369 1.0341969 4.8563503 4.8563503 1.6623763 1.7022346 6.1335432 1.7022346 4.2937500 4.0057474 1.1225338 1.8786111 1.6251214 1.4890834 
NP_878305.1__DRD1__Danio_rerio                                    6.1793729 5.9032444 5.7636265 5.3873285 5.0625538 4.3914904 5.7844171 6.8827499 5.2320100 7.1536071 7.5560340 4.9303492 5.1080168 6.5276014 4.9172691 4.7609409 0.0000000 4.6535543 5.9127235 4.6912228 5.7317590 4.9436102 7.0866991 6.2118667 5.8551536 5.3415157 6.4062108 4.5339030 4.9110474 5.6239048 6.0241279 6.8798313 4.5228880 4.7510245 4.5228880 4.7510245 4.9397394 5.3483534 4.9964633 5.4717561 5.5027324 5.4041932 4.9926438 4.4011068 5.8478323 6.6999249 4.5850973 5.6467984 5.7577775 4.9977056 4.8676346 4.7301148 4.8398368 4.8398368 5.7083772 5.3850034 5.4763030 6.3913405 5.1920197 5.0911378 5.0911378 4.8531733 8.2458187 8.2458187 4.7331770 4.8210771 8.5829242 4.8210771 6.8749560 7.1902749 4.3886590 5.2173493 4.3286951 4.3312908 
NP_898891.1__DRD2A__Danio_rerio                                   3.1379276 2.6557667 2.0876709 1.9349711 1.7339209 1.7442412 2.4134906 3.0144637 1.9647512 6.0339657 5.5607494 1.8415152 2.0545046 2.3917977 1.8786683 1.5309980 4.6535543 0.0000000 1.9684411 2.0225923 1.8207780 2.4926333 2.2919484 6.3660296 5.8114470 1.9680727 4.0365510 1.7216261 0.4639466 3.3904786 3.1406465 4.9946601 1.6865529 0.4690785 1.6865529 0.4690785 0.9451298 1.7449456 1.7950975 2.0425449 1.7649108 1.8489598 1.8909066 1.9723373 3.1848485 5.2544553 2.7202133 2.8217599 2.6629598 1.8431331 2.0578071 1.6312977 0.4662573 0.4662573 5.8188213 2.1506309 1.7460993 6.2771810 2.3768744 2.1414733 2.1414733 1.6823169 4.5263423 4.5263423 1.6174861 0.4662573 5.9687179 0.4662573 4.5115215 3.3948905 1.7244892 1.6214532 1.6919972 0.4430206 
NP_001139238.1__HTR2A__Danio_rerio                                3.5020129 2.7067033 2.5198792 2.6330871 2.2613526 2.2113298 3.1549223 4.7093409 2.3682631 6.3681970 6.4455756 2.2400135 2.3158430 2.5985134 2.2752787 1.8712314 5.9127235 1.9684411 0.0000000 2.4943438 2.1678522 1.7442177 2.4987593 5.5932177 6.0413214 2.6126654 5.0929852 1.7183284 1.9743564 4.0274906 3.1945974 7.0761136 1.7585044 2.0484582 1.7585044 2.0484582 2.0276157 2.4089806 1.7769531 0.4442499 2.4623494 1.3392622 2.1658239 2.5238857 3.7516765 5.1668418 3.6230203 2.8776070 2.4055961 2.2280585 2.3012592 1.6957851 2.0421795 2.0421795 6.3436207 0.4587114 2.4948826 6.1483531 2.4873135 2.5809094 2.5809094 1.8086440 5.9269917 5.9269917 1.7096779 2.0426393 6.4133769 2.0426393 5.3500490 5.2837214 2.3273600 2.3689196 1.7776121 1.8018065 
NM_001316525.1__DopR1_invert_anchor__Drosophila_melanogaster      3.4031578 2.9690989 2.5150018 0.3404478 2.0652285 0.5488351 3.1101897 4.2644425 2.5022849 6.3328551 5.8958355 0.5202641 2.6236804 2.6162558 2.3820544 1.5528628 4.6912228 2.0225923 2.4943438 0.0000000 2.1321755 2.2756505 2.7758339 6.8838002 6.4735488 2.7400236 4.0592689 2.1984523 2.1464104 3.8475203 3.8434565 6.1758012 2.0504437 2.1125696 2.0504437 2.1125696 2.0009789 2.1554370 2.1511891 2.3214706 2.5934679 2.4786070 2.4680515 2.3104476 4.0790230 4.8761995 3.5965379 2.7551021 2.5638020 0.4970540 2.5988665 2.1590830 2.0715677 2.0715677 6.8892006 2.2837306 2.6235769 5.4210941 2.7615052 2.8280020 2.8280020 1.3101491 5.1934663 5.1934663 2.1387632 2.0638597 5.5934535 2.0638597 4.4875365 3.6067799 0.4401714 2.0372327 2.0801555 1.8850195 
NM_001031909.2__DopR2_invert_anchor__Drosophila_melanogaster      2.9418476 2.5144434 2.1297634 2.2918705 0.4936630 1.9273271 1.2170352 3.3704672 2.2296530 6.6171244 5.8020360 2.0072580 2.0924337 2.6969217 2.5615629 1.9360593 5.7317590 1.8207780 2.1678522 2.1321755 0.0000000 2.8069301 3.4305373 6.3444379 5.5295325 2.6567977 4.0814164 2.0154592 1.9108885 3.7714700 3.6184126 6.3767608 2.0181157 1.9776521 2.0181157 1.9776521 1.7331911 1.9421261 1.9974889 2.2871739 2.0327266 2.0578803 2.0403432 2.2901542 3.4345754 4.3803519 3.2450616 3.0129909 2.5749705 2.0303663 2.0757916 1.9433187 1.9434463 1.9434463 5.7903482 2.3562773 2.0896253 5.6022333 2.6813693 2.3476873 2.3476873 2.2188722 4.8972502 4.8972502 1.9284080 1.9331679 6.4211977 1.9331679 4.5778558 3.8085577 1.9709440 0.4897838 1.9976658 1.7427303 
NP_001356890.1__5HT1A_Dmel__Drosophila_melanogaster               3.5332283 2.9059404 1.9635493 2.2058362 2.9281817 2.2025217 3.5046768 4.8367621 2.5304795 6.8163594 4.1779486 2.0827312 2.2124514 3.0829148 3.0809821 2.3253124 4.9436102 2.4926333 1.7442177 2.2756505 2.8069301 0.0000000 3.4518077 7.5446156 6.8132358 2.5239400 4.5212013 1.7848797 2.6026098 3.0857914 3.6684573 7.0604723 1.8519946 2.6407544 1.8519946 2.6407544 2.2485790 2.2837154 1.7651499 1.8006819 2.4432642 1.7164929 2.2217796 2.3646006 3.9324028 5.7885076 3.3437222 2.7135311 2.6687128 2.0982608 2.2191102 1.8207021 2.6854632 2.6854632 6.4548107 1.8522599 2.5222859 5.3855611 2.4348514 2.9487058 2.9487058 2.3045498 5.7248906 5.7248906 1.8259840 2.6729782 6.6442159 2.6729782 5.1212350 4.0636030 2.0549482 2.5647564 1.8430658 2.4138012 
NP_730859.1__5HT2A_Dmel__Drosophila_melanogaster                  3.8892663 3.4341916 3.1893645 2.9769624 3.2190934 2.6271111 3.7647529 5.6625297 3.2820094 6.6525063 7.2210169 2.5447883 2.9118644 2.9508213 2.1923199 2.2984291 7.0866991 2.2919484 2.4987593 2.7758339 3.4305373 3.4518077 0.0000000 6.5505745 7.1583909 3.1666081 5.2761777 2.6007876 2.3780687 4.5764677 3.6405888 6.5781773 2.5321466 2.4799245 2.5321466 2.4799245 2.5602825 2.7845177 2.6064158 2.6027874 2.3506357 2.6667554 2.8214200 2.8457617 3.8271433 6.6248193 3.8699427 3.2404624 2.7832393 2.5384003 2.8979975 2.5829166 2.4363130 2.4363130 7.3526263 2.5070418 2.3944081 6.7899202 3.4416979 2.7822470 2.7822470 2.4873589 5.2256290 5.2256290 2.5887942 2.4259356 7.2917705 2.4259356 5.5590486 4.8190951 2.6382411 2.7783501 2.5607124 2.2359316 
NP_732089.1__5HT7_Dmel__Drosophila_melanogaster                   8.7915383 6.6291380 7.8080429 6.7706736 6.3645214 6.2576438 6.1035217 6.7640024 6.0956033 7.2916893 6.7281895 6.3718112 6.8726941 6.0374136 6.5988033 7.0132169 6.2118667 6.3660296 5.5932177 6.8838002 6.3444379 7.5446156 6.5505745 0.0000000 6.1280172 7.1587194 6.3136217 6.1113763 8.1390446 6.5098932 6.5689733 6.2075970 5.9490226 7.6583829 5.9490226 7.6583829 7.5875550 5.9867075 5.6195379 5.5558867 6.5408798 5.9753789 5.8922206 5.3931311 8.1585712 5.8539792 7.2482671 8.0026587 6.6394108 6.2796580 6.8437208 6.5000185 7.6738396 7.6738396 6.8444102 5.8187493 6.4136237 6.1329295 8.1763505 5.7690813 5.7690813 5.9637228 8.9999990 8.9999990 6.4766997 7.6557371 7.7995372 7.6557371 6.7433738 7.0260481 6.0167444 5.8732390 6.0499376 6.8058710 
NP_731254.1__OctR_Oamb_Dmel__Drosophila_melanogaster              7.5909608 5.9798377 6.4475018 6.1039251 5.3774204 5.4313172 6.4195864 7.6193837 6.1455201 6.4991014 5.0850747 5.6044156 7.0849145 6.6169596 5.8575195 6.0809240 5.8551536 5.8114470 6.0413214 6.4735488 5.5295325 6.8132358 7.1583909 6.1280172 0.0000000 6.5354343 7.2988139 5.2264889 5.9186224 6.6327009 6.3364202 6.3957450 5.1674147 5.5464245 5.1674147 5.5464245 5.1502659 6.0069572 5.7867934 6.0667846 6.7448039 5.7952590 7.0924382 5.9494378 7.3879414 6.6408025 7.8255227 7.8795565 5.4373056 5.7315046 7.0884663 5.4625076 5.6281970 5.6281970 8.9999988 5.5286113 6.7878015 6.9932528 6.4605241 6.0022639 6.0022639 6.2204763 8.9999985 8.9999985 5.4162506 5.6187169 7.9234459 5.6187169 7.3097820 5.4563730 5.5406300 5.3876209 4.9948290 5.2206671 
NP_001303505.1__OctB2R_Dmel__Drosophila_melanogaster              3.8127104 2.8570967 2.2355244 2.6715246 2.3446018 2.4230036 3.4208767 3.5587943 2.2989451 7.4716425 5.3341503 2.2823271 2.2936846 2.4132670 2.6851041 2.0852317 5.3415157 1.9680727 2.6126654 2.7400236 2.6567977 2.5239400 3.1666081 7.1587194 6.5354343 0.0000000 4.5810647 2.1041010 2.0883005 3.7785105 3.5075135 6.4509568 2.0935868 2.0827657 2.0935868 2.0827657 2.0300552 2.4828267 2.1998636 2.3991042 2.6095397 2.7224542 2.5135808 2.1977514 3.9732153 5.7322927 3.9419616 2.8004740 2.8130133 2.2637041 2.2781443 2.1429548 2.1119083 2.1119083 6.1937265 2.3040327 2.7491458 5.9520929 2.8123375 2.7200877 2.7200877 1.8375865 4.6685327 4.6685327 2.1442719 2.1097442 6.1160214 2.1097442 4.4109079 4.9367764 2.2119108 2.3055329 2.0737184 1.9730475 
NP_569905.1__TyrR_Dmel__Drosophila_melanogaster                   5.7113953 5.1316107 5.2003942 3.8603147 3.8603638 3.2279425 5.5996509 5.9723286 4.7195282 8.3558079 6.0375339 3.5668162 4.0655373 4.5887011 4.2035645 4.0623860 6.4062108 4.0365510 5.0929852 4.0592689 4.0814164 4.5212013 5.2761777 6.3136217 7.2988139 4.5810647 0.0000000 4.0366468 4.1965904 4.6353837 5.6168241 6.0319236 4.0916476 4.2734511 4.0916476 4.2734511 4.5885966 4.6544758 4.4697991 5.0447564 4.5453906 5.0770200 4.4142736 4.8108370 5.6370662 7.0860358 6.7411656 4.5512247 4.4495292 3.5190206 4.1890896 4.2434425 4.3068517 4.3068517 6.3621061 5.0102499 4.6795457 7.3331874 5.1056681 3.5641700 3.5641700 3.8273146 7.2767067 7.2767067 4.2484225 4.3065283 5.8165755 4.3065283 5.5320342 4.9634508 3.4993479 3.4815914 4.1307491 3.8792813 
ENSGALT00010029037.1__DRD1_candidate__Gallus_gallus               3.0045964 2.6981193 1.9879895 1.8634803 2.0368713 1.8698614 2.8418603 3.7670600 1.9203097 5.6704590 6.1461310 1.8459030 2.1391626 2.1785044 2.1779569 1.6043574 4.5339030 1.7216261 1.7183284 2.1984523 2.0154592 1.7848797 2.6007876 6.1113763 5.2264889 2.1041010 4.0366468 0.0000000 1.7721834 3.2692479 3.0805454 5.4641800 0.2147446 1.5950658 0.2147446 1.5950658 1.8908560 2.1838690 0.6813423 1.7961786 2.3925740 2.0321942 2.4260918 2.2299126 3.6159540 4.5039434 3.1435571 2.4827183 2.3889448 1.8399873 2.0560475 0.2369845 1.6223007 1.6223007 5.8671675 1.7784186 2.3789580 5.5577804 2.4010672 2.2849946 2.2849946 1.4676076 4.7824617 4.7824617 0.2309246 1.6223007 5.5698111 1.6223007 4.5489731 3.7947196 1.6822181 2.1057809 0.1523657 1.5820183 
ENSGALT00010060881.1__DRD2_candidate__Gallus_gallus               3.2673088 2.7611234 1.9918306 2.0663904 1.8471178 1.8284583 2.4528329 3.3038293 1.9692956 6.7153524 6.2826881 1.8780919 2.2046437 2.4875363 1.8415977 1.6702496 4.9110474 0.4639466 1.9743564 2.1464104 1.9108885 2.6026098 2.3780687 8.1390446 5.9186224 2.0883005 4.1965904 1.7721834 0.0000000 3.1435011 3.4604645 5.6930402 1.7738905 0.2331427 1.7738905 0.2331427 0.8941572 1.8105709 2.0600505 2.1405458 1.8070233 1.9080495 2.0217345 2.1882682 3.2660705 5.7460930 2.6956945 3.0532607 2.6382394 1.8819333 2.1637330 1.6804285 0.2394102 0.2394102 6.2856453 2.1685991 1.7778292 6.0194032 2.2773926 2.2434463 2.2434463 1.6974016 4.4473202 4.4473202 1.6772852 0.2394102 6.2124569 0.2394102 4.4516772 3.6234987 1.7748504 1.7066329 1.7704932 0.2497569 
NP_001138692.1__DRD1__Gallus_gallus                               7.0987461 4.6979125 5.3036422 3.9345735 3.7655331 5.0111074 5.1308004 6.2114002 3.9206689 6.9477052 2.7851969 3.9979051 3.0179349 4.3402388 3.8779793 3.2605954 5.6239048 3.3904786 4.0274906 3.8475203 3.7714700 3.0857914 4.5764677 6.5098932 6.6327009 3.7785105 4.6353837 3.2692479 3.1435011 0.0000000 4.7331349 5.5441031 3.4999822 3.4398982 3.4999822 3.4398982 3.5905716 3.1935096 2.9509551 3.2810607 4.3003283 3.9887804 4.3229538 4.1277714 4.4208268 4.8857708 5.7821125 4.7853270 5.0392882 3.9979051 3.0179349 3.6617230 3.4406006 3.4406006 6.0175290 3.2163963 4.1833199 5.4912632 4.8905253 3.6028427 3.6028427 3.9178232 6.3147088 6.3147088 3.6617230 3.4406006 6.4050807 3.4406006 4.5671107 2.9808295 4.0856359 3.5943578 3.4161121 3.0926586 
NP_001076242.1__DRD2__Gallus_gallus                               4.5749322 3.7035432 3.7888710 3.8782376 3.4119646 4.0987774 4.4416023 4.0822540 3.7930708 7.6784255 6.7516342 3.6012039 3.7455199 4.0148507 3.2379866 3.5910662 6.0241279 3.1406465 3.1945974 3.8434565 3.6184126 3.6684573 3.6405888 6.5689733 6.3364202 3.5075135 5.6168241 3.0805454 3.4604645 4.7331349 0.0000000 8.0509006 3.1603642 3.3141188 3.1603642 3.3141188 3.0617194 4.4573504 3.2357319 2.8363229 3.5723925 3.1220571 3.4864725 3.0096933 3.5928342 5.6381907 4.0158099 3.9809930 3.9370298 3.5970044 3.6953258 3.0942879 3.2638884 3.2638884 7.8758410 2.8771937 3.5564979 6.1882892 4.0587830 3.4175454 3.4175454 3.7597405 6.0632044 6.0632044 3.0870734 3.2541870 6.5858816 3.2541870 5.1924966 5.7188551 3.4947932 3.4945413 3.1961452 2.9820896 
NP_989495.1__HTR2A__Gallus_gallus                                 8.0812578 7.7523249 5.9800765 6.7016347 5.7408786 6.7923389 7.3113311 8.2282084 6.5397337 5.9540332 5.7260915 5.5215185 6.9323436 7.4276905 6.8892433 6.1634474 6.8798313 4.9946601 7.0761136 6.1758012 6.3767608 7.0604723 6.5781773 6.2075970 6.3957450 6.4509568 6.0319236 5.4641800 5.6930402 5.5441031 8.0509006 0.0000000 4.9437970 5.5143771 4.9437970 5.5143771 5.2558634 5.3061765 5.9798458 5.9673662 6.3349956 6.0531012 5.4613029 5.1872989 6.4987449 5.6872090 7.6787895 6.4424327 5.9568374 5.7859268 7.0217721 5.0206981 5.4349321 5.4349321 7.7962059 6.1982130 6.0724543 7.2411361 6.4975758 4.8017702 4.8017702 5.4203108 8.9999983 8.9999983 4.9914542 5.4167117 6.6648321 5.4167117 5.7470561 7.8829187 5.7986495 5.8556515 5.5014779 5.6114053 
ENST00000393752.3__DRD1_candidate__Homo_sapiens                   2.9685718 2.5743250 1.8754580 1.8703682 2.1279778 1.8522026 2.8479603 3.8145471 1.9050686 5.5872783 5.8790552 1.8908770 2.0640896 2.1497323 2.1946997 1.6923160 4.5228880 1.6865529 1.7585044 2.0504437 2.0181157 1.8519946 2.5321466 5.9490226 5.1674147 2.0935868 4.0916476 0.2147446 1.7738905 3.4999822 3.1603642 4.9437970 0.0000000 1.6348154 0.0000010 1.6348154 1.9055282 2.2044849 0.6917986 1.8279087 2.3133202 1.9834191 2.4292256 1.9836675 3.4527779 4.1595613 2.9073793 2.5898143 2.3530916 1.8563008 2.0274493 0.1000531 1.6711968 1.6711968 5.9055237 1.7896680 2.3266841 5.9418936 2.3851286 2.1941866 2.1941866 1.5147256 4.8136470 4.8136470 0.1087511 1.6711968 5.2133379 1.6711968 4.5033863 3.7338040 1.6904885 2.0863610 0.2298594 1.6304926 
ENST00000362072.8__DRD2_candidate__Homo_sapiens                   3.2777360 2.6314167 2.1294629 1.9993959 1.9653950 1.7849328 2.5265197 3.0915920 1.9470503 6.3120044 4.8982384 1.9284030 2.1002806 2.5256786 1.8478740 1.6647215 4.7510245 0.4690785 2.0484582 2.1125696 1.9776521 2.6407544 2.4799245 7.6583829 5.5464245 2.0827657 4.2734511 1.5950658 0.2331427 3.4398982 3.3141188 5.5143771 1.6348154 0.0000000 1.6348154 0.0000010 0.9316976 1.7816741 1.7521052 2.0661032 1.8140069 1.8465296 1.9802024 2.1096485 3.3127508 5.4511998 2.6748456 2.9107805 2.6871932 1.9185885 2.0838042 1.5473600 0.0441842 0.0441842 5.6796650 2.0927153 1.8313288 6.0351726 2.4139888 2.2888726 2.2888726 1.6430770 4.4066908 4.4066908 1.5410410 0.0417347 6.1244465 0.0417347 4.4305493 3.5703610 1.7316130 1.8027321 1.5737758 0.2832399 
NP_000785.1__DRD1__Homo_sapiens                                   2.9685718 2.5743250 1.8754580 1.8703682 2.1279778 1.8522026 2.8479603 3.8145471 1.9050686 5.5872783 5.8790552 1.8908770 2.0640896 2.1497323 2.1946997 1.6923160 4.5228880 1.6865529 1.7585044 2.0504437 2.0181157 1.8519946 2.5321466 5.9490226 5.1674147 2.0935868 4.0916476 0.2147446 1.7738905 3.4999822 3.1603642 4.9437970 0.0000010 1.6348154 0.0000000 1.6348154 1.9055282 2.2044849 0.6917986 1.8279087 2.3133202 1.9834191 2.4292256 1.9836675 3.4527779 4.1595613 2.9073793 2.5898143 2.3530916 1.8563008 2.0274493 0.1000531 1.6711968 1.6711968 5.9055237 1.7896680 2.3266841 5.9418936 2.3851286 2.1941866 2.1941866 1.5147256 4.8136470 4.8136470 0.1087511 1.6711968 5.2133379 1.6711968 4.5033863 3.7338040 1.6904885 2.0863610 0.2298594 1.6304926 
NP_000786.1__DRD2__Homo_sapiens                                   3.2777360 2.6314167 2.1294629 1.9993959 1.9653950 1.7849328 2.5265197 3.0915920 1.9470503 6.3120044 4.8982384 1.9284030 2.1002806 2.5256786 1.8478740 1.6647215 4.7510245 0.4690785 2.0484582 2.1125696 1.9776521 2.6407544 2.4799245 7.6583829 5.5464245 2.0827657 4.2734511 1.5950658 0.2331427 3.4398982 3.3141188 5.5143771 1.6348154 0.0000010 1.6348154 0.0000000 0.9316976 1.7816741 1.7521052 2.0661032 1.8140069 1.8465296 1.9802024 2.1096485 3.3127508 5.4511998 2.6748456 2.9107805 2.6871932 1.9185885 2.0838042 1.5473600 0.0441842 0.0441842 5.6796650 2.0927153 1.8313288 6.0351726 2.4139888 2.2888726 2.2888726 1.6430770 4.4066908 4.4066908 1.5410410 0.0417347 6.1244465 0.0417347 4.4305493 3.5703610 1.7316130 1.8027321 1.5737758 0.2832399 
NP_000787.2__DRD3__Homo_sapiens                                   3.5391197 2.4431338 2.0472320 2.0886288 1.7568232 2.0063603 2.1486946 3.2068752 2.1922558 6.5010223 4.8037393 2.0175132 2.0034102 2.5093749 1.9147428 1.9728454 4.9397394 0.9451298 2.0276157 2.0009789 1.7331911 2.2485790 2.5602825 7.5875550 5.1502659 2.0300552 4.5885966 1.8908560 0.8941572 3.5905716 3.0617194 5.2558634 1.9055282 0.9316976 1.9055282 0.9316976 0.0000000 1.5390660 1.8724897 2.0316194 2.1589089 2.1257431 1.9907428 2.0850774 3.1616398 5.1245983 2.9538755 3.3176749 2.7994206 1.9896619 2.0169603 1.9530716 0.9319989 0.9319989 5.4611366 2.0743843 2.1909277 5.0998439 2.2411010 2.6543062 2.6543062 1.7777759 4.4061556 4.4061556 1.9530537 0.9319989 6.2860810 0.9319989 4.5950375 3.4076223 2.0191737 1.7316303 1.8237296 0.8630016 
NP_000788.2__DRD4__Homo_sapiens                                   3.5472366 3.1094860 2.1730416 2.1955879 1.9072278 2.0293018 2.3309151 3.3221024 2.8164572 6.6554596 5.3636545 2.2250446 2.6146738 2.8860243 2.7029417 2.1119298 5.3483534 1.7449456 2.4089806 2.1554370 1.9421261 2.2837154 2.7845177 5.9867075 6.0069572 2.4828267 4.6544758 2.1838690 1.8105709 3.1935096 4.4573504 5.3061765 2.2044849 1.7816741 2.2044849 1.7816741 1.5390660 0.0000000 2.2269812 2.3629927 2.1987738 2.4888393 2.3505723 2.2104088 3.4025554 6.3625418 3.7127356 3.1590699 2.8363951 2.2111290 2.5706452 2.2481121 1.8404347 1.8404347 5.2888456 2.3087124 2.2320857 5.2953356 2.2837302 2.5261748 2.5261748 2.2038824 6.1710064 6.1710064 2.2429642 1.8346113 6.5836608 1.8346113 4.4399739 4.4033082 1.9524053 1.7608527 2.1937384 1.7579490 
NP_000789.1__DRD5__Homo_sapiens                                   3.2176002 2.5543030 2.1426583 1.8170586 1.9449038 2.0265053 2.8014926 3.7483570 2.0532175 5.4754788 5.7734201 2.0699141 2.0527768 2.3562475 2.2301014 1.6750368 4.9964633 1.7950975 1.7769531 2.1511891 1.9974889 1.7651499 2.6064158 5.6195379 5.7867934 2.1998636 4.4697991 0.6813423 2.0600505 2.9509551 3.2357319 5.9798458 0.6917986 1.7521052 0.6917986 1.7521052 1.8724897 2.2269812 0.0000000 1.7034652 2.3861158 1.9920319 2.3725890 2.0589522 3.5663049 5.0714960 3.0740001 2.6920365 2.4929704 2.0276381 2.0413480 0.7130177 1.7639513 1.7639513 6.1350708 1.6845498 2.2859063 5.9751279 2.3942196 2.2686914 2.2686914 1.8538191 5.1302321 5.1302321 0.7078215 1.7814267 5.9862631 1.7814267 4.7023070 3.5549052 1.8538610 1.8802239 0.6840413 1.6161531 
NP_000515.2__HTR1A__Homo_sapiens                                  3.9365221 2.5850966 2.4238844 2.4150377 2.2620918 2.1910869 3.0376609 4.3572306 2.2633760 6.2672216 5.8646332 2.1217760 2.2212814 2.7588445 2.3191146 1.8608276 5.4717561 2.0425449 0.4442499 2.3214706 2.2871739 1.8006819 2.6027874 5.5558867 6.0667846 2.3991042 5.0447564 1.7961786 2.1405458 3.2810607 2.8363229 5.9673662 1.8279087 2.0661032 1.8279087 2.0661032 2.0316194 2.3629927 1.7034652 0.0000000 2.5127597 1.4141988 1.8857620 2.1329707 3.3274860 4.9972301 3.5268078 2.7723371 2.4404528 2.1060613 2.2451322 1.7619836 2.0751733 2.0751733 5.7824542 0.1366483 2.4733804 5.8482772 2.5087165 2.5193577 2.5193577 1.7389395 5.4422260 5.4422260 1.7613157 2.0751733 6.0980205 2.0751733 5.1492550 5.0641671 2.2171768 2.4198865 1.7932207 1.9136808 
NP_000612.1__HTR2A__Homo_sapiens                                  3.2666764 3.5490918 2.3980367 2.6653695 1.9981266 2.2612019 2.6794879 3.6616679 2.5876227 5.7035619 5.0798166 2.5097145 2.4236079 1.7134153 1.6283706 2.6669818 5.5027324 1.7649108 2.4623494 2.5934679 2.0327266 2.4432642 2.3506357 6.5408798 6.7448039 2.6095397 4.5453906 2.3925740 1.8070233 4.3003283 3.5723925 6.3349956 2.3133202 1.8140069 2.3133202 1.8140069 2.1589089 2.1987738 2.3861158 2.5127597 0.0000000 2.5594481 2.8986047 2.4812010 3.8743812 4.2642226 3.9068379 3.1373446 3.0484843 2.4627409 2.4329060 2.2778798 1.7940694 1.7940694 6.5535528 2.4744867 0.0901909 5.4702003 3.0905284 2.5000637 2.5000637 2.5161690 4.8182875 4.8182875 2.2790840 1.7797377 5.8434635 1.7797377 4.1071201 3.9308843 2.3020142 1.9612094 2.4545394 1.7569465 
NP_000854.1__HTR1B__Homo_sapiens                                  3.6636528 2.7746073 2.4223462 2.5911570 2.0638579 2.2915824 2.8865765 4.2478589 1.9375237 7.0520763 6.6286701 2.3951907 2.0671226 2.7497956 2.5104064 1.9100065 5.4041932 1.8489598 1.3392622 2.4786070 2.0578803 1.7164929 2.6667554 5.9753789 5.7952590 2.7224542 5.0770200 2.0321942 1.9080495 3.9887804 3.1220571 6.0531012 1.9834191 1.8465296 1.9834191 1.8465296 2.1257431 2.4888393 1.9920319 1.4141988 2.5594481 0.0000000 2.0383079 2.1811583 3.5373341 5.2088706 3.6171466 3.3880680 3.0911348 2.3429314 2.0845594 2.0169243 1.8073520 1.8073520 5.5036691 1.3944032 2.5700524 6.1587205 2.6559128 2.7002204 2.7002204 1.9965925 5.0225929 5.0225929 2.0145344 1.8073520 6.1349336 1.8073520 4.7078764 5.2772043 2.2888240 1.8732036 1.9760557 1.7996623 
NP_000671.2__ADRA1A__Homo_sapiens                                 3.5058515 3.2879235 2.1613199 2.6542967 2.1813659 2.3228425 3.0300612 3.8207004 1.8750892 6.6901866 5.6729919 2.4637533 2.0710133 2.9613876 2.7272163 2.1788495 4.9926438 1.8909066 2.1658239 2.4680515 2.0403432 2.2217796 2.8214200 5.8922206 7.0924382 2.5135808 4.4142736 2.4260918 2.0217345 4.3229538 3.4864725 5.4613029 2.4292256 1.9802024 2.4292256 1.9802024 1.9907428 2.3505723 2.3725890 1.8857620 2.8986047 2.0383079 0.0000000 2.2445214 3.8192815 5.6967420 4.3771507 2.7349327 2.9027018 2.4336389 2.1009169 2.3837194 1.9901989 1.9901989 7.4338133 1.9586020 3.0044063 6.9809687 2.8745081 2.7023108 2.7023108 2.3015217 6.1837796 6.1837796 2.3433753 1.9901989 6.0732637 1.9901989 4.8120654 5.3574521 2.3317653 2.2663603 2.3590220 1.9618975 
NP_000675.1__ADRB1__Homo_sapiens                                  3.2838001 2.4366469 2.4312625 2.2092280 1.9953003 2.2059525 2.9159262 3.0585546 1.9406173 5.5119676 5.3707370 2.2409149 2.3988274 2.9241151 2.6304177 2.0459820 4.4011068 1.9723373 2.5238857 2.3104476 2.2901542 2.3646006 2.8457617 5.3931311 5.9494378 2.1977514 4.8108370 2.2299126 2.1882682 4.1277714 3.0096933 5.1872989 1.9836675 2.1096485 1.9836675 2.1096485 2.0850774 2.2104088 2.0589522 2.1329707 2.4812010 2.1811583 2.2445214 0.0000000 3.0376423 4.7688441 3.4425857 2.8004236 2.5161842 2.2307109 2.3978497 2.0459173 2.0903050 2.0903050 6.5871537 2.1632547 2.5885372 5.1634711 2.7743068 2.3496885 2.3496885 2.1518707 5.6657902 5.6657902 1.9950233 2.0853829 5.7710964 2.0853829 4.1028733 3.8832797 2.0826688 2.2004702 2.1689667 1.9464177 
NP_000743.1__CHRM1__Homo_sapiens                                  4.6658966 4.5449620 3.0793502 4.4822942 3.6507223 4.7372748 3.9107164 4.1338851 3.7201875 6.6922338 6.4304126 4.2970619 3.7534501 4.2927629 3.6508671 3.5852061 5.8478323 3.1848485 3.7516765 4.0790230 3.4345754 3.9324028 3.8271433 8.1585712 7.3879414 3.9732153 5.6370662 3.6159540 3.2660705 4.4208268 3.5928342 6.4987449 3.4527779 3.3127508 3.4527779 3.3127508 3.1616398 3.4025554 3.5663049 3.3274860 3.8743812 3.5373341 3.8192815 3.0376423 0.0000000 6.3495319 5.3724684 5.4535058 3.9132479 4.2834377 3.7788754 3.5650067 3.3543948 3.3543948 6.9957638 3.4164628 3.8607233 7.1144767 3.7780669 3.2940060 3.2940060 3.6102381 6.0153011 6.0153011 3.5473030 3.3543948 5.8289425 3.3543948 5.5503491 4.6685957 4.5690181 3.4727147 3.6091142 3.1621719 
NP_000912.1__HRH1__Homo_sapiens                                   5.5539078 6.2970319 5.5936862 5.2223578 4.5417445 4.7590101 5.3617450 6.3924348 5.9030157 6.1322969 6.3737409 5.0061538 5.4558684 6.9623286 4.8769001 5.1194892 6.6999249 5.2544553 5.1668418 4.8761995 4.3803519 5.7885076 6.6248193 5.8539792 6.6408025 5.7322927 7.0860358 4.5039434 5.7460930 4.8857708 5.6381907 5.6872090 4.1595613 5.4511998 4.1595613 5.4511998 5.1245983 6.3625418 5.0714960 4.9972301 4.2642226 5.2088706 5.6967420 4.7688441 6.3495319 0.0000000 6.0626266 4.9189679 5.4995220 5.0536190 5.4676798 4.1276067 5.5691113 5.5691113 6.4496292 4.9137734 4.2510822 5.3718039 7.0283157 4.3397191 4.3397191 4.9496068 8.5752118 8.5752118 4.1817503 5.5539338 5.7087845 5.5539338 5.6562094 4.5301385 4.5222339 4.4570852 4.3539631 5.1990009 
XM_065817400.1__MollCnid_DopR_1_candidate__Hydra_vulgaris         4.5933840 4.1805108 3.1368503 3.6813722 3.2684496 4.2740677 3.9891737 4.6816587 3.5130285 8.9058102 8.6114062 3.6357643 3.5796512 3.9279688 3.9418700 3.1481590 4.5850973 2.7202133 3.6230203 3.5965379 3.2450616 3.3437222 3.8699427 7.2482671 7.8255227 3.9419616 6.7411656 3.1435571 2.6956945 5.7821125 4.0158099 7.6787895 2.9073793 2.6748456 2.9073793 2.6748456 2.9538755 3.7127356 3.0740001 3.5268078 3.9068379 3.6171466 4.3771507 3.4425857 5.3724684 6.0626266 0.0000000 3.7183740 4.0945656 3.5924877 3.5486550 3.1467472 2.6368260 2.6368260 8.0108592 3.4461353 3.9221215 7.5611291 4.3352994 4.3383861 4.3383861 3.2234112 5.9551917 5.9551917 3.1349891 2.6368260 6.6141843 2.6368260 7.3750340 5.8331458 3.4503116 3.2440680 2.9322183 2.6322532 
XM_065815825.1__MollCnid_DopR_2_candidate__Hydra_vulgaris         3.3846541 2.6897564 2.5350866 2.5351952 2.9321010 2.5768572 4.9402517 3.7037783 2.6225330 6.2888906 5.2057758 2.5796281 2.5689814 3.6736550 3.1941016 2.3951273 5.6467984 2.8217599 2.8776070 2.7551021 3.0129909 2.7135311 3.2404624 8.0026587 7.8795565 2.8004740 4.5512247 2.4827183 3.0532607 4.7853270 3.9809930 6.4424327 2.5898143 2.9107805 2.5898143 2.9107805 3.3176749 3.1590699 2.6920365 2.7723371 3.1373446 3.3880680 2.7349327 2.8004236 5.4535058 4.9189679 3.7183740 0.0000000 1.0882317 2.5736549 2.5689814 2.8129934 2.9059530 2.9059530 7.3267689 2.7415696 3.1052793 5.3999236 2.3212551 2.4137301 2.4137301 2.5992651 5.5563515 5.5563515 2.8129934 2.9059530 6.9744572 2.9059530 4.5073242 5.7062791 2.6479685 3.2042788 2.4600258 2.7556525 
XM_065815821.1__MollCnid_DopR_3_candidate__Hydra_vulgaris         2.9031044 2.8360427 2.3542775 2.4861073 2.6086606 2.4939234 4.0348188 3.7931280 2.5052429 6.0543883 5.1329233 2.5932039 2.6137846 2.8273740 2.4958242 2.7342147 5.7577775 2.6629598 2.4055961 2.5638020 2.5749705 2.6687128 2.7832393 6.6394108 5.4373056 2.8130133 4.4495292 2.3889448 2.6382394 5.0392882 3.9370298 5.9568374 2.3530916 2.6871932 2.3530916 2.6871932 2.7994206 2.8363951 2.4929704 2.4404528 3.0484843 3.0911348 2.9027018 2.5161842 3.9132479 5.4995220 4.0945656 1.0882317 0.0000000 2.5670007 2.6137846 2.5574537 2.6700914 2.6700914 5.9774127 2.3901913 3.0008083 4.8167649 2.1699557 1.9474651 1.9474651 2.5627664 4.8641649 4.8641649 2.5574537 2.6700914 5.4633446 2.6700914 4.9027777 5.3768316 2.5752584 2.6551577 2.3632831 2.5941604 
